80730
-16206
-95049
-80119
-49936
63106
83014
16041
51258
38960
48656
48962
29183
14327
15689
89935
-32124
73864
-19630
98922
-72103
26227
20284
-3280
19203
72949
85422
-94918
-79347
27498
-36182
14180
94129
-70772
91812
-73520
-20264
-68461
62165
-84427
-84241
84987
51265
71453
-19353
35751
-61337
55362
4003
-54375
-32610
26181
94809
91509
85386
-85253
10645
15316
-63029
69296
-1166
-61260
-94623
-37880
-82723
86475
-39034
-73082
87140
-47380
57252
34821
43461
99243
36907
51382
-96220
71362
-10707
68393
38811
-51043
26192
-36048
-59524
45694
31792
-29243
60667
-35282
-24822
-11848
-63063
75899
-44151
-83523
-79258
28992
36694
13906
56980
21252
35958
30918
-66548
59437
-47793
-50402
-62113
15007
75117
7624
9654
24055
43418
90676
-18914
-8874
-46249
82186
22062
-57876
-29085
-69911
83800
-14135
-57614
64472
40898
-97574
73476
-32432
-6855
90892
-82977
-63657
7653
-89489
23999
62874
17879
-74827
-55158
-62871
-15547
9022
37775
-47476
-17046
93466
48043
7218
-98851
76973
49496
61839
15685
-22807
83791
-31182
19299
-24434
-33849
63831
89596
-83360
66493
-24564
-98322
85182
-60467
7922
77282
-89353
90999
7929
61949
54501
-74209
-26546
-44469
-947
-56527
41415
-41590
63490
7665
-32846
-83536
-99724
-91778
95501
76788
-17186
73480
32232
-61133
75046
-84160
-77322
65445
-52508
59389
65574
-99929
-46534
-39637
-48215
78124
71795
58754
19618
73625
48334
60416
-9263
32013
17173
-55945
52353
59414
-14351
3884
-20955
-90174
61881
-40173
65579
-72363
27604
-51111
-18767
79932
454
49313
39590
-37389
3000
-46740
14107
-89168
-34975
-9070
-57258
-60575
67622
-80468
70329
35007
56376
-31669
-71754
-73369
-31809
-61653
-62150
68578
54520
36023
-36080
-36219
-23771
83074
-96776
64014
24772
42667
-80000
59696
42693
89631
-46854
14262
98083
12206
93596
72556
40130
44299
-15725
92230
-30303
24736
-20290
-27325
-16822
17725
36570
31389
18381
24248
75111
-50996
-881
69292
-16133
-80828
-72729
-78401
-97277
5776
87352
12234
-15407
-77356
-35568
-86088
78444
43553
-72100
25236
42610
23439
40343
-56818
43137
84126
31370
-65693
94435
57226
-75017
64990
-97921
81677
-12935
-32573
34299
74856
-83485
6159
-78070
-16223
-35302
16220
38904
-31179
-1102
94797
-65778
-24729
764
-43540
-11102
75978
-89516
-20281
6329
67775
-28930
-37993
6395
-25459
-20286
77260
80636
61120
27073
-36820
-75524
-62843
42353
58037
-69567
-50593
84160
-93419
23876
-36355
-24676
72561
94034
-40120
72025
93532
-47785
-59899
-59540
10743
-77328
-97902
65528
6507
72384
20897
-58179
-29128
26156
12946
90326
69909
56139
-60204
-51932
82450
4799
48393
18155
49331
-8451
68617
-12542
27873
-81512
11643
-72405
-95931
-19398
36223
4048
-49722
-60854
64150
-73032
77212
-37983
81204
-73175
644
95055
8080
-53438
-35661
-23372
44617
-24972
17626
-66559
-35833
-25761
19896
48554
-98263
-69855
32371
41365
-77747
21959
94600
75007
71932
-74189
19938
-94731
-57901
-44075
94592
36839
-27049
-13272
91894
77809
13423
81307
-56648
-25913
-84691
28184
70924
-15925
81578
42412
-29322
-9363
-3402
28049
-48902
11867
-97573
39099
-8468
-34493
-86427
-29875
82946
26725
-87891
-22934
60604
-83564
52343
3200
-37506
61169
-39185
30547
-29141
1882
-40848
28428
46619
-87217
97966
40083
-4619
79027
-9317
81404
-80400
62361
10021
-45620
66668
95187
62205
-81927
-80472
-10442
-76887
-75814
23575
-72727
25958
91859
4025
13688
57680
-83506
-28082
-64048
-81787
-35626
50911
84476
-95623
46398
62954
-81551
-13978
90254
-31537
93500
7318
-44692
-67231
98894
-63897
57494
-32451
-83391
70215
-60336
-21883
-96033
16679
99022
-24804
29828
-20758
51502
-76708
38678
-30463
-61781
19294
20768
-12725
35873
35451
-66808
-58178
-71262
-79350
86204
88916
-16663
76622
50676
-66746
79201
69213
-78860
51710
13472
-2004
-5382
-97259
71836
-98950
-81594
32573
-68826
-83452
86383
-62604
6384
59522
-39585
53988
54459
91905
51170
86469
33343
53485
35324
41943
-84572
-68404
-23551
74507
74421
4960
-12073
-41747
33006
-68008
1884
2571
7475
30930
95531
-1791
-47925
-13241
14315
-39610
-82805
-19365
-11905
-85982
44670
-68128
-33150
25338
-47603
4560
-15055
28171
-47314
-95796
70294
32626
-3244
93935
46274
-2394
27147
-50004
99562
4882
-31686
-1958
-36718
34401
71125
-61112
56888
17754
-85476
91689
-73429
-67117
31156
-37437
-84697
-37768
79651
-85462
22649
-98383
-28333
-62304
-97996
69604
-3223
-26397
-35192
91212
-36911
74818
-97911
22051
-1476
-38006
79999
66953
71932
-80943
-21481
-41075
15531
-63617
46663
-83980
-20159
34091
-62369
-15146
40684
-32535
-19726
23368
-41229
55285
83336
20268
83261
24188
21573
-34303
-8704
52173
-10528
-20655
-17531
48843
22082
9974
-51863
-62298
8675
79249
44910
43190
67361
30604
-94372
26624
31538
-5919
-2565
47817
6333
-22219
96415
-90912
84241
28237
-58179
7214
-8546
-54546
-99038
-4797
-85451
-77258
29317
73301
-58540
-51055
-20949
-83474
-90666
79060
45462
-48081
6681
65093
33849
-99283
-13174
-165
34008
71320
-16179
96124
98654
33866
-1835
68217
91296
-72743
-40753
23519
44637
17143
-79494
19232
10664
-14322
69842
56350
65809
76040
75320
92114
15788
20318
-33050
45924
97786
86219
-60087
86743
-45052
2715
-33134
44857
7025
52575
80752
65985
53448
4722
24244
91787
88224
-35250
-70443
-7763
-2520
33860
26174
-30546
-80173
78165
44240
-19265
-60320
-6093
48715
-82006
88599
-57489
-22466
-23963
20892
21732
80202
60433
-44719
-47470
-6619
-87181
25259
90081
-99332
-81680
84959
51298
74988
-50214
8580
-24414
-42425
78663
-40539
7379
-23892
-68724
-50539
-17583
88437
-44589
-69227
-61769
-11145
-56833
-32230
-61003
-83042
32763
-19263
49051
-60028
-87861
79730
80274
88180
14382
69257
60696
98418
-87447
32402
30936
44779
-54588
43829
74585
6780
-35703
-99158
63237
-10299
81403
-84084
41147
-25253
-18869
-46447
23826
6361
-87529
-54205
78064
-5859
-17277
7115
-81367
-41709
-74943
19790
26363
-3061
-9409
55009
-3947
-11776
-8380
55245
97913
-76248
-38038
97263
-92404
90999
-3904
-60397
65053
50289
-73543
84370
-35572
15206
-11709
-83958
32560
84795
-31551
-94464
-21592
54582
71954
99831
-62985
90532
-65698
-37957
-26179
-85998
24239
-1123
62930
-47134
-40084
-76578
86311
-39433
94095
17995
-7415
-34885
56054
-14750
-42557
70401
69200
35101
7924
81066
67628
-63232
24118
81985
3286
85066
-29292
-29518
90108
-79980
-77620
-64873
28224
-16430
-96675
-79225
68376
99344
65436
-29991
22995
60952
-68347
15120
81163
19101
60341
-51272
64384
10247
-37699
63784
64016
-26062
-77587
84435
-17555
11848
28751
-63800
35250
53816
-6785
84980
34314
6645
73303
5254
40919
-50012
14303
69022
20384
16617
66192
-96335
40528
27914
-31236
23725
34720
-35779
29511
94070
3271
44203
61246
97575
49896
-33960
55908
-11571
29503
-79879
575
-38361
-13357
20674
81831
8926
88074
-13112
28928
-35353
-66082
-31933
-10889
55011
-50393
53305
-11455
-57625
-71065
-40218
29145
-22470
83047
20300
25668
53478
-41501
-92712
3007
83053
-63251
62837
-34728
-26563
2373
-92523
7307
-55568
28708
11714
-3996
17166
-53870
320
3108
-24138
-97104
90369
-92996
24866
-13264
94955
-33817
-75299
35740
-42690
7997
-19544
98840
13410
60061
-97440
-79240
57570
-43934
-92980
-58870
-48465
-73926
-1640
11499
-28924
20595
-16292
-3096
-83466
-54766
13976
30249
1746
54830
85054
-57481
-93917
33653
-13979
-70781
-87380
47337
-97382
-23962
-65430
-49551
-68703
83662
27538
-86049
-41578
63039
77445
13315
-21628
-55027
24555
-39419
-70820
26217
-76233
-75245
94306
-99808
-73563
95970
-36182
43049
66422
-5256
-86794
-96587
-95676
-69254
-66259
5951
41981
80165
47241
61714
-55745
71216
15555
96633
-11406
-74032
78262
-69158
-50600
49928
-17191
36727
-87721
-12774
-6711
-15091
-50060
-62742
-91112
-87976
68166
66181
-92851
-57866
-79493
92966
-64031
42476
-69929
89462
-43363
-38610
-96346
75102
44676
23194
-47322
-88734
-83600
6884
66025
-34324
-5863
-19892
25324
89055
-99910
-87550
-93755
-14589
-61625
-53705
-80598
-51021
-41073
1429
63903
76283
-92719
-72572
47578
58394
68893
42578
-27074
58495
77881
80167
-56502
10862
41314
88989
-51509
-70049
90871
-78316
46589
-52232
30499
50906
98858
-17823
-6833
16654
78626
28368
-14224
87434
25139
19223
-71236
21595
-55223
92993
39132
58565
83915
66272
32211
-70637
-28372
83440
-42790
-28475
-93522
44907
65289
37934
69323
-92740
-25894
6219
-95918
-62559
21994
83277
74859
-74229
28726
74913
42100
97043
-67952
65187
-1967
35065
-95573
80652
-20403
-2376
-43312
-7980
39208
58282
59312
-49024
-74413
85803
71591
65288
-45487
48093
22526
19616
42705
98859
61180
74443
-87315
-18929
-46104
96129
-3120
-89871
49271
-67346
-41117
60871
71801
79391
59543
57664
-60567
-78445
56650
-82876
56688
24785
-65170
-13037
-91310
97593
-65394
90605
5611
76495
-81031
-65294
-37256
-10266
69853
-28604
-65365
-73655
42693
7439
15411
14951
-13099
11334
15230
98890
39982
-31959
44492
54511
-37858
-31197
36133
-4898
-95439
83034
51159
11053
74621
-25440
-78071
28209
-53541
-41139
97840
-39399
36084
-60162
16088
79653
75609
-13633
82062
19497
14646
62000
69465
-10875
-88942
25078
9038
39622
-90893
-65412
-11930
44386
-36112
-84315
-81022
27620
-72979
22001
15744
49238
20037
42447
-17824
46778
-91498
-34789
92146
48923
20294
38997
-33462
57007
57095
89540
91785
82596
-42204
95397
-23258
52108
28177
-99061
-19994
88770
32685
-61157
66038
-44669
63696
-52976
-32948
-94182
-23238
45834
-17200
42998
72613
-97237
8280
-40728
-50597
69334
-43113
-73142
-76945
95190
75892
-89761
-81477
-4523
-29717
-63592
-97445
-52062
-343
77887
-7034
84574
81880
-91228
71491
-25560
37902
84837
-48914
29723
-61037
23170
-35804
-88061
71886
56309
27858
-8299
-80779
-59243
90542
-50628
-44984
-23363
-46197
-43953
55759
53409
-75033
84384
-8401
-59547
74219
86946
70376
67709
-22791
-32832
1373
-82949
-89096
-9152
-43910
85228
-14299
-97967
-80761
-61245
-70663
-679
14926
10770
-47129
-92554
-64099
-91839
-54093
-64427
-79350
18931
73755
26230
-95890
-75570
74197
-15729
1050
38179
49464
38936
-12597
37018
42693
-52619
27441
58191
58775
97423
67224
1602
28905
-46987
-16062
63961
47002
93221
-30118
96550
-74089
-10417
98063
-38465
9208
-46050
-81388
-15359
19496
38219
77685
94105
38330
-39673
88797
-59035
-12529
28251
61839
-87996
-57349
-18039
-93932
-40696
4357
3579
45050
81566
47394
53928
-60892
79496
89623
-63773
-40400
21028
77833
65041
84505
6877
-87568
86291
76599
83175
-76010
20304
36874
-99393
-18563
75089
45932
30858
-62682
-21745
-89435
85769
3589
-65892
-15854
-90915
10331
11561
-14333
66827
-10003
78198
61011
-77882
-49961
-98551
-41730
42061
2713
59308
80530
45940
-83781
-9283
-91387
16210
26366
88172
-21939
5709
-99400
-56095
-24184
-40931
-70552
-573
-298
-62554
92567
86034
-83249
63565
-64484
-46403
59545
41030
-35815
88062
-91082
16202
-74546
16304
-49594
-1604
9234
-41792
-1359
-88001
-63673
6989
-80523
23742
-97045
-90727
19565
-7770
-17219
67446
72098
-32532
-95729
-21276
63532
88407
561
72410
2001
-96650
8746
49174
-62956
2560
-28178
-18043
71250
1520
-37756
58751
-85588
94125
-90466
-61762
-66001
-3155
5646
4527
-42326
23573
23231
98624
44998
21587
80089
82763
81569
-51065
-79529
25643
-86630
-27021
99246
90160
64658
72767
-84424
-56085
-70296
-44338
-11237
47632
-30377
74760
19477
-91642
9387
-90077
33953
-56957
-5072
-99084
-38777
-58956
65509
-47079
74592
-76074
-52681
-34945
-56753
-3902
90022
10881
21362
2008
70914
-35756
38372
-94735
12578
-55432
2647
-48767
-40408
-53627
-36431
64829
-18802
93771
64020
-82123
-88424
-49737
46757
93532
95068
-12387
68833
-95763
9724
-62618
24401
-33601
-48026
-9477
-66707
-3587
-82006
-66404
85320
95408
-63311
-22341
-48273
-55847
-81646
16459
-68426
-50485
81850
-84559
45619
73680
90809
84910
-22318
33430
43594
63972
70079
90103
32138
89183
91518
8218
-57200
-95122
-49073
7086
-23078
68708
-78148
27137
64399
9128
-65916
-86631
30302
-43549
93178
73134
-85816
-12933
-35724
-3259
-48860
-71924
34074
-22052
-36023
-9343
-10115
27624
-89860
71390
-84597
-91084
-42320
-81430
-71666
12494
-90794
-82072
84625
62770
-73634
70400
-79281
-43346
-79964
61650
7414
-78629
-12155
-33384
34017
-48481
-30163
-87250
67102
97971
63995
84653
-6453
-63296
-86986
6253
-68333
-26934
48337
48806
36759
49877
-45470
-37783
-21859
-62655
24898
13312
47721
-29351
42200
87035
93530
-97949
92822
41407
37960
28834
-13044
-97939
-9678
-96030
41959
-33735
-33794
-39599
-5313
-56685
81064
44354
81858
-75843
49891
6347
4874
-53489
52509
-57465
20901
915
-37682
-48682
84753
37213
96911
76782
78991
26282
32221
59638
-62012
-89373
-70047
87192
-36103
-41264
92254
-64955
69730
-73920
59098
51389
35345
37097
-91499
26241
58027
-26570
39764
11177
935
3751
28729
16392
39448
66386
-39235
-69875
-8595
9400
-59619
-87789
-30910
48514
22228
-45497
-87587
11917
-78727
39092
68993
66342
56126
-92544
-29668
8098
-69114
-22008
60412
31929
71791
-28879
39238
-32787
-85656
61221
88733
81028
-99349
12809
59874
87343
42333
71570
-41965
-61839
7667
44929
86382
-35972
-17021
60709
-53930
-35461
-24227
-86114
-53623
60494
3225
87140
22882
76601
-89916
-82844
-57502
-6736
-21555
-64729
-55723
-75417
-22603
60065
-68640
21136
-73575
20073
73665
97464
-6245
54234
82864
-81149
88304
-45628
-47961
-64014
-54378
21876
3991
35746
-51816
-50355
91362
-58473
-99459
73601
-97991
-64422
-33284
-85725
-97084
-44412
-87184
-8899
39368
-60611
47170
-73521
91629
-4865
69853
-50308
-40462
-95877
-54805
-15358
-78722
73704
-93233
-50154
-43573
-43465
-83669
70808
-96259
82673
25452
-89415
30267
24217
48458
66258
19540
-34521
62457
-20041
40165
-89253
-16644
-67255
-15452
24782
50402
-85633
35968
-81094
-4810
62423
41769
-32286
16616
2741
58319
10407
81304
19416
-62156
-33849
46892
26963
52220
97335
83481
-45312
45337
87388
68368
30075
99936
-71566
71578
-32005
1833
-27406
68571
-59613
30706
13101
44893
-78248
5158
51414
3754
-81815
32788
-69890
2434
-13513
-36748
-70061
955
-21503
-51798
-62147
-40329
-41686
-53872
37584
-717
72983
-94981
-62114
44010
-25942
66740
-47703
54295
55226
15988
-43032
45248
-91739
61620
55064
-73356
73008
-27172
58481
-18022
-29387
-65008
-60097
23822
-31442
-78923
49007
-77175
6092
38132
31704
14973
-11583
-78372
-32620
79945
50609
-50975
-44254
85753
-87808
-43770
89758
-51588
91096
-28341
-81441
-30271
-175
-27424
42140
73884
89865
-12980
96438
-78083
-22623
-24202
89764
17946
26334
23427
93122
67082
30364
-46787
-13768
-23991
71642
60424
84963
-55955
-25359
17385
-11210
-16148
-26705
55190
6681
-97536
-81278
-25349
94324
-83839
-58482
70251
27812
-97944
-35066
-65144
67328
32580
4707
56446
92226
-75266
39499
-80662
-73670
-83231
-34411
80369
84122
99389
-46687
64720
42214
-78060
-64206
20384
81690
87678
-90679
83962
-76534
5432
-2023
-29972
-80161
66237
8421
-30010
-7709
31850
33883
54743
24052
-62478
44893
66178
-33953
-70733
41361
1617
-65920
45443
-56024
92041
88497
-74960
-26170
22717
-12698
42221
86432
-74115
-67993
71170
76874
-37636
-95599
97848
-67535
-39395
73738
5432
72063
-87267
-99968
65541
-14542
61434
59352
93403
25978
28839
25663
-15683
-47253
15977
33629
82182
23889
-90051
88825
-66136
2876
46988
-67915
37982
-32300
32367
8268
95578
21494
19441
-42993
68230
-9593
14512
-3964
-49702
69643
27423
-15586
-54434
22063
-52980
38296
-49829
6780
-3280
50531
-51454
2969
41758
93544
-18130
-20863
72891
94184
-26157
-32155
-26598
-37448
58569
-75915
-36699
5173
92341
-87802
77336
-24830
-61695
-28888
-60200
-43559
-64536
77477
41585
-54060
-48732
95538
48562
69987
-51572
-48734
-92217
45679
-3466
-68214
-32402
-997
-2295
85579
25189
96655
-19354
-95135
-78018
4542
-84848
60825
-87331
-46481
-60781
48973
89082
-3532
88854
-85957
-9807
56385
-81641
54861
-19426
91216
49687
7972
-12684
-63673
96035
-52067
9880
-57272
95690
-80465
-28325
81595
-86790
-4157
-44900
-38009
-13337
99220
20575
-35329
-51319
-95698
-26745
12083
-11068
-30679
-2142
-20049
1286
-64754
74243
-75169
-92067
80133
-96871
80769
64716
57239
23613
93268
67124
-5336
85164
-81498
-66750
-84064
-44448
-79911
74744
-82375
93771
11284
25448
-27804
-688
-61810
-31873
84634
-34404
-46277
6019
-26003
-29691
34142
-16166
-23212
-79544
45854
-86943
-46092
-60000
65484
32580
5451
-26503
98039
-22335
-78897
-21048
28556
-47066
-59454
-47142
76750
23626
98477
-67455
-6982
-12512
7622
-8510
8107
-51551
22158
-77071
-36843
58994
-49317
-58570
-83068
-11057
14431
78038
-10675
-39478
-79230
-33243
-1376
90462
5621
-38303
-80136
68999
-86425
99430
-74664
-13739
28301
47599
16502
15637
-9989
20942
44218
-33307
-13557
-39709
-18663
91229
-81762
6561
12447
11560
76642
-26931
-64258
-69955
41034
-41282
20147
41268
61685
11986
-15322
1135
-7961
-4432
-97874
20255
71736
-20795
-84715
58143
-84893
7725
32759
90277
87573
-83095
80483
49260
86194
20193
-47484
-65410
91928
-24689
24794
-73654
17200
83444
31207
28243
3082
-21157
-60006
39535
16913
50855
-1789
-96465
-94489
87948
-54678
-58473
3457
72216
7921
-67980
95411
2717
26357
85893
62994
-22126
56011
-61773
-47114
39938
90363
-90203
-62164
-33126
-29478
-82802
61383
-74656
9113
51026
43919
-3311
83963
-64309
81321
88656
73163
28644
25352
42082
68448
29400
43625
98857
34269
18045
-47135
-48277
-92671
-85780
3999
-68847
-53738
91694
49346
-7336
-25170
-69246
-50407
54583
53815
-7848
22781
-13959
-20021
-32445
-53378
32462
-83810
-27806
-24804
29845
55595
16002
-34395
63701
-24718
65496
72357
-38859
-38407
-91110
32286
66502
37937
-88166
59663
-75654
-41040
-10077
-80395
19131
-464
-49626
-23446
-46820
-82422
-2627
12963
-30787
92421
-63494
97356
-91433
-62827
-36052
-79024
18518
72455
-80808
90889
-3711
98423
-83011
-26164
-37539
-50081
-15512
-69284
-6056
8075
-25253
-64132
6263
-91178
34721
-72420
-30879
55871
-62235
-31608
-28568
30407
746
-13458
-86274
-90579
-55548
-28370
-427
19334
-50734
-14020
93144
21583
-73782
50508
-65727
-63912
56760
54549
-89185
5985
45572
-69306
-26906
53827
42139
88016
41126
36010
-30766
55186
1279
-99082
-38505
95351
-41678
79636
44464
-45967
-70563
67222
-76535
56968
94311
22268
-33308
-95615
-91028
-50946
-61486
5856
-95002
-18258
-74072
-46923
-71165
-49348
26682
16577
99163
-82577
27588
-62623
26436
-71369
34310
27216
69340
-98280
42326
94181
-91266
-44052
23244
-14231
-65835
-56346
-8846
-18598
-95345
17130
-1537
-84327
-12237
-35562
16833
-44880
9264
-82271
15915
-43385
57760
29742
-57277
-88167
-30574
9604
-6841
-80843
-23204
91293
58856
80064
-31511
-56181
51284
-11965
61386
-7320
74739
-7387
69359
64151
-89254
7495
68805
-96864
-72001
-99849
-8060
2989
-95503
-630
22150
-1803
70491
-42232
74222
-50250
23368
19556
-85583
-10030
-47215
40572
-58912
17575
-83667
-99046
91380
23924
43902
-77162
48627
8093
-97374
-62787
2323
55901
28536
74101
-97612
82994
-33491
51081
-24611
-67525
-56289
-25296
4279
-55781
-14741
-26693
12472
-62441
52096
-27022
-75130
8011
-40970
39901
-21975
-2150
-34793
-38501
-18150
24080
35401
68188
86782
20633
87925
-16651
-84133
-30849
-9830
72251
-19388
59039
25874
39004
61436
53127
83228
-87975
59137
-2808
-17133
55181
21432
2048
-88163
72966
89151
-91930
22530
-28440
27704
37982
143
53732
-64322
56583
-47705
-26739
-66115
39515
11114
-67573
-58287
-52652
-85952
4846
97534
42822
-60988
-97212
46453
13681
64064
63172
41565
-87814
-22416
-37475
32048
-48244
-64792
66074
-85740
26386
-82121
94400
14941
94108
65318
-9614
-18156
56948
-56217
-57691
53419
-37325
-20993
-92089
59416
-652
-91356
-43664
-81282
-82592
36766
-80238
10309
98842
-4508
52971
-16703
51566
-39288
12708
-58768
75479
-81955
-84
27449
91865
1244
-60449
96921
-51586
23733
-81316
-68980
98210
-58138
57484
19766
14658
-75007
78081
87839
-70943
11039
-98816
-6128
23474
87682
3723
-7121
10763
-94489
-68132
-13915
47601
-65537
-67132
34144
-17269
78080
-8331
60180
-73365
71701
5164
38434
41449
85940
31570
-88310
50718
-1113
76749
69742
-24169
-16248
77539
69388
26464
37078
-25895
-72802
-65578
87897
-27716
81428
-44702
-68611
27106
9440
-77275
-40621
-45673
64284
44116
65162
-78484
97187
-84920
-4773
-116
25661
-40887
-53024
42935
-1003
-18723
3308
-53368
48566
-87474
6152
31031
38481
-69476
20165
-59357
11284
74969
19072
-54936
53464
-23284
-80834
36488
31867
16670
60463
-59315
54346
-51582
-34370
-38024
-49706
-18236
44066
72608
-78209
42415
84887
-18363
23419
7236
-92462
77571
11782
97481
-69555
-65086
92504
7232
-3295
2951
-67299
50846
-77983
37823
-45560
-78465
27001
74157
-20295
-69490
78214
-4897
-56824
27095
-61191
-12366
-18294
48951
-6660
-5099
94013
42193
98776
58596
-87934
60852
75691
87007
-60392
-95646
-20180
72663
84412
51790
-79420
-82818
-6456
-7813
8535
17632
-77852
-89072
-89469
-7279
62238
14083
-9785
-33592
-54035
-41690
44287
-64384
49003
47137
28682
-68187
95121
-28093
24837
61842
57618
35123
16388
65772
97073
75421
-51896
10404
37548
17177
-48342
47322
49857
7553
76083
81803
-97669
33979
55404
47405
-93493
920
88396
94031
-90343
-28056
5629
-90066
-54661
31804
1114
-11791
-61403
3339
-76473
-9830
22589
-69080
-970
90326
62605
69752
-28962
34327
95528
-28573
-80790
-53435
-65605
-6553
-86074
85750
-85505
-58310
33868
9150
18663
12238
-61901
-78688
30427
-63040
-18073
-36243
76516
-7222
75524
44940
-53719
-76669
82677
52732
76371
51130
85805
3895
78079
74090
-71313
92282
-74385
18279
53873
17775
-33693
70514
-14230
2815
51092
54753
-85545
24389
-45319
80737
-601
77719
72483
11074
15689
14424
75443
69626
14723
68407
-90324
58650
73295
-11509
-64535
-54130
76337
2750
-95150
-94451
-37976
-20716
77283
-2245
-68625
62774
-57300
46363
-13650
4042
25676
-99528
4551
-57038
-46546
77990
3585
90410
88048
-80508
88638
68998
-74593
29968
8224
41213
-24465
48184
-26817
-50114
-42768
-93973
1765
79914
-80739
-60246
-418
40861
-11189
-59233
80254
87238
8953
-38278
-71949
-48677
-48304
-96402
29906
10408
-40442
-189
-93849
-73094
60386
-27672
41768
11902
91421
1975
-21497
32091
-27749
96160
222
-58374
83915
-65917
31824
31
-20384
30148
-1570
-59775
-49180
97258
-90158
18177
-8053
21150
-60261
38930
25722
-48182
49471
54244
-77563
29240
15244
59034
-12302
70920
-90758
73693
6966
65782
23011
-3550
22014
64406
-78157
82102
30845
-19188
15045
-32793
71885
80649
36136
88409
-29354
1588
-96729
6732
-63682
-64438
-40178
-42361
5984
45173
-19597
24265
-40968
-90563
-81656
38449
29537
-17100
-95738
-80519
-49236
-38338
-19824
-59624
-87790
99420
-17838
6624
33729
-41422
-16129
40459
-88899
87149
9392
72803
41258
35880
45032
33590
79478
58255
3248
19818
30835
-89915
32453
-30250
-94019
10248
-4280
-32147
-59569
-45475
-70068
45997
58599
51616
95112
-88553
29851
-50325
74147
32504
-15301
59878
49784
92397
4511
-65710
-94566
16265
-17852
-45168
-11901
36972
-83595
-71873
5031
-33473
-18321
-960
-96058
80853
26511
36841
20100
-25077
87634
21562
-63920
-47747
31110
39241
-60280
-20230
-37361
16879
54871
-55060
72243
65007
84647
-16583
-53064
-4530
-3257
74473
-45274
-11072
-25498
-93306
49161
-29017
54935
97294
-78544
24320
-95672
8854
16526
99645
-73432
-66455
5411
39832
76385
-70337
-45037
-20106
78432
-78514
-23115
20832
73912
75338
27297
769
83174
-44249
-89248
-47288
-79560
-93866
90434
-61519
-35308
23184
-61052
78055
-24083
-11182
-5568
-98964
16205
-1911
59367
7969
-59677
-52682
-24675
80514
98247
52627
-11712
-73599
88684
-96728
-57819
-29391
-57481
-82812
69177
94984
58302
-40915
78482
6152
53302
-4389
-80228
64788
71114
-53245
78513
-83460
63937
24990
-26975
-1809
-39373
-6868
79933
56574
32794
79064
-144
-21341
-59910
-47858
-19563
-31483
-15746
-276
58128
9990
1587
-17840
-34544
-43482
-36348
6957
92591
-97291
-2443
-62701
-32008
-59158
-44902
54536
726
-18222
-54800
-4570
68913
88175
-72511
31794
29230
63171
-20529
-45376
-48063
30543
-61559
92425
-5733
-77809
-51234
-37459
19908
-59351
95512
-53967
20172
71657
-16314
97879
65899
-94965
-41875
-50078
75679
-16067
97626
86634
-86324
65571
-22503
-5063
29503
71019
77001
45508
94183
93428
49144
89248
16031
-72186
-82474
85085
47320
-89204
25304
-51117
38288
17951
6122
15404
-44562
-88896
-35323
33847
-63330
18603
-35995
-30670
-9258
7960
-47721
94856
-63155
-26246
-52721
96048
-99399
-70327
-41589
23137
10362
-77623
-34580
13093
-3818
83877
75963
61500
96031
-81934
44523
-45034
-89283
75479
9801
61104
18644
-77981
93321
-17181
67662
38805
-28378
-94583
-61916
-55351
90745
-99593
35676
99898
-51052
57244
-51354
30662
-8778
-83596
46879
37282
-59922
87733
18655
-39175
-25386
37859
90593
34990
87565
22571
-15236
-43410
-27106
24434
-61046
-6328
-78503
-67211
-92110
14407
-35315
-81134
74053
-30839
54985
22383
-18164
-67578
-1166
10586
-80727
11539
-26204
37275
53487
-32637
-37040
-38888
84792
-31155
44643
-19221
16355
47703
-32186
-51657
-12278
-28657
-23897
-33739
-75073
58613
69608
80992
10405
-67566
95069
-51340
13433
22401
-93921
-24115
38355
74373
-37992
89431
82780
-87024
41161
34681
15589
91662
56647
938
77415
-50769
-87045
-65909
60844
-41591
70440
6665
-26333
-12933
66702
-74622
-61700
10463
-20077
47455
-92806
94724
52512
-95146
98735
-60937
24686
-13239
-90032
47971
-89925
11689
54586
1685
-62283
-43725
10592
24171
27460
97639
38416
-13465
-50167
-20041
-7940
-21839
67422
-63007
97332
67
-31294
-70862
96338
-78937
-93606
-50692
-12751
-84469
-94917
24173
-77871
-81200
-50768
66271
63571
-28417
-44839
-47962
10078
-43097
67028
5179
34443
89045
76699
-78727
93024
-26367
-78632
57339
95677
-71400
31348
-14183
-6960
82245
67915
4810
-64653
24522
34339
-32520
-96995
-46826
-41526
-8420
22371
50355
68574
24777
34008
-42818
74729
54048
-29114
-81870
-91758
-89263
81197
15061
69340
-48326
10143
-34019
-80183
-75249
-35523
59894
92281
65037
-42357
91501
65918
99030
-72464
-10803
57859
11853
93176
-26217
-88533
99777
-92594
-39428
12076
-6132
8
-77694
-74300
15486
1521
-57502
20983
-42948
-95473
62287
-61321
90492
40320
-23953
-30795
45123
-9736
93035
-28717
-90693
88468
-76980
29109
-4423
-7689
-76999
11830
80462
64446
-35996
-58346
38297
19238
-64177
-62938
94647
31746
-12257
-67353
6066
3093
-31526
68446
-41811
55678
33684
29297
-55466
-49018
-44780
-22705
-24584
25800
-70349
92440
-79832
-85713
-34499
26785
-83000
31162
34921
99802
57960
68466
-96885
-6495
19353
-69036
27743
33417
-10152
-92026
-22391
95901
65833
88637
-96937
-64786
-32306
74616
-77003
-57856
-1964
-3717
-91627
76810
-52130
24434
-49779
-62008
63924
-55124
-44379
77344
6516
-18380
32596
2817
36747
3165
-92958
45022
56976
58560
-53990
-80418
38454
41058
-29178
30535
80555
90098
4967
64007
135
27264
-77976
-18010
49063
55552
-68603
30287
72820
-62639
-88238
-53630
-3128
-12616
-7580
2776
-1544
-50090
-91751
6006
-12762
-12273
70136
11302
-5589
86540
72543
51256
-13870
-83128
-79911
30646
-87292
1124
-60083
-30232
9729
-55229
-76722
47392
-66814
-13568
58332
-56886
-73660
-57032
-61418
-38851
40400
-32251
-7165
-54248
92444
-21226
83409
-39834
-86311
91766
52260
85493
-9245
-32973
31049
65240
70505
30984
-98552
-81173
-98993
-80224
-77991
-47886
97807
-61534
-56546
60406
-81408
-68059
52760
22017
-51603
55552
-80138
-87737
-78546
15407
-43869
27095
-58447
-73819
6238
-58846
63142
87490
-98022
31766
31005
-78049
21349
-86718
-46465
-54064
-54205
-14694
-40916
-73226
18338
73478
-34138
14407
-44909
39581
50776
-14618
-38437
-89182
77223
-29194
-52701
-44215
-61490
-95857
-66935
13425
15428
94682
-66267
18267
85170
71873
72661
-2291
-80887
-3803
12793
85749
74305
29918
-49655
96888
52152
455
-74411
80985
63091
57762
-98416
4111
6825
5209
52996
53536
55350
-36245
-9704
-49459
-50210
-40261
66374
-26565
-34603
-19591
-68763
32470
44102
10668
21452
408
78663
-48548
-14163
-89177
48444
53380
-76028
-19161
11311
-97839
30509
67240
53884
85046
27217
-98494
-5382
-70710
-30776
-70406
-1341
7940
68068
62076
-75049
27679
22637
-53630
11610
89838
94562
84010
65418
-33168
47253
-59172
413
-96169
36680
95276
-66551
9370
-82324
75088
-52461
-2328
-99527
46461
78761
20124
89459
72413
-946
-70049
90097
-36579
-69845
63583
-69317
63274
-97368
14418
-31764
5987
-80586
-82590
-25422
14986
83094
65331
96537
87313
-15571
80861
21570
7782
36414
-60092
34188
-4404
53925
-65424
18047
-94281
-66400
-64971
-97861
-35252
-93618
-22473
-72296
-18309
42232
70073
-63039
-35668
-50975
-65331
-40368
97782
77629
25093
91222
-22288
21406
-93831
11749
-84293
40136
6624
38923
-53380
88687
42305
51910
32910
34370
-71077
98912
-29748
-42035
-66671
79181
39562
5051
-64970
-31720
-74241
55321
81379
86119
23008
-99541
-33034
-39010
-40529
-89262
-95545
-49447
30097
91381
87491
23231
-56145
58335
-37936
89436
21103
-41162
54961
-55389
96920
72440
-53170
-38868
17693
35149
-81911
51064
29289
82613
71156
-30478
-24442
-75103
59164
93088
80254
-97406
45791
19367
-77607
-60632
-92792
-57363
79585
-40860
-88520
-31921
15651
-70486
93712
19253
51306
33418
33141
-51789
18607
5121
57649
-65829
94000
18565
-16313
-45205
-27839
-86346
34099
93794
28327
-85177
85519
-7883
-50548
-35987
-9725
-96736
-12277
81096
-52274
82544
36465
-11061
8794
99461
2060
56817
-67196
-51312
-98236
-6832
-8910
-6892
89716
-87174
53293
-74616
-30522
37857
38320
92673
31692
-73441
-99154
-22365
-3946
-90033
84336
-68386
20528
-38521
-78599
3211
-20042
-23608
-91784
-82561
-49136
30758
51539
12072
-29664
-54196
298
94595
85276
-3480
30871
61365
86030
31149
54456
-7419
11561
-39837
-35250
18403
-79474
-7582
-3548
-2143
43982
-83424
74663
35311
42464
4585
63979
-93706
-39884
-17558
-36488
-86065
6544
-3179
-80608
29707
72947
-78777
2297
40269
-80362
-36183
-27847
-13480
-91571
14224
91051
-47521
-57207
-65283
-71351
42287
28724
-14953
99981
-56238
10024
-15187
-89750
-80837
-25497
18756
10706
94787
62477
-7831
25125
67119
-32692
-58123
-19272
-62018
33537
-36974
66976
56468
-88194
22378
-16764
-55912
66409
80057
62334
-33195
-83278
7493
-24564
67526
11530
-8738
62663
-63367
-17838
-19763
-21247
38333
40889
-38413
67870
-36632
69401
-56384
-46209
84166
-53818
6036
-7419
14766
-88250
91930
76098
95520
-97204
-77773
-61010
47922
30375
11526
-48946
-47698
88652
-78450
48925
-66917
-76054
-41734
-34790
-17543
88453
-46500
-67313
-94928
-34831
-72365
72459
-15848
-10827
99007
-85078
-24698
-24161
-76726
63413
-61195
96298
-85184
-70194
76848
84341
-93772
-4507
-79844
61562
22169
75338
91191
-5781
95379
38809
-41718
-48645
69027
86523
-63343
-84649
-14097
-48634
52926
68120
94135
77141
-77658
-70425
28522
30751
76875
48966
9873
-80625
-30126
-33142
60225
24787
74446
89417
21250
84959
-3565
-69735
58531
78162
-78370
6427
64476
-31980
-23761
-41653
-8799
11404
87446
17560
24128
38016
-88548
26666
-74724
-23662
35154
-86693
-36634
-73369
29018
7332
49697
2371
58251
-79729
48929
64922
-66916
-94305
-6186
-53298
-39974
-14539
-14462
-45134
-50523
62152
-64426
-50325
38166
-25892
-98927
85599
-42286
31346
69384
99700
81911
2598
-36488
-79249
45057
-90362
-34670
67044
9545
-84048
99886
-41029
99866
-23011
6029
58859
77531
47515
-42450
-56375
-82952
35982
22895
56088
70589
28310
55344
-5387
-54379
95972
-6788
-6210
-20429
-88993
24232
-79802
42503
4126
43607
-86207
51368
55765
-93732
-91903
74723
23764
-89137
-86531
-29369
85614
-99200
-80830
57974
-85950
62269
-21294
-57355
-62261
-78362
2195
-75741
-79614
48517
-52734
-98199
-91745
-45784
-25607
73932
-19684
3022
-53958
35364
35373
82219
-44932
75536
15881
-10727
16857
85975
-7360
71356
3015
12560
62440
-10772
-92671
65243
14308
33244
-53730
-78824
-15923
21687
-66765
37256
85422
77459
78290
52869
27342
86221
13491
-9094
-75569
46249
-60363
74398
-92502
-5761
-21814
22667
35934
99003
-19152
3908
-99608
48291
59622
30628
-91106
8053
33300
-92377
57663
75353
52084
-61198
-26951
6816
84459
-61029
-96145
91680
-45412
-47182
84946
-73971
48579
-49017
13758
76404
-71295
31773
75089
24877
-30888
65428
71719
11376
28822
-81381
-50956
-99532
-7952
13859
-12695
-60035
71901
-18328
-32635
-18167
-44861
7772
-83153
61412
10899
87732
76010
-76657
-75573
-11461
-37712
81123
66430
-57508
-41670
55856
16318
-7629
-3302
81361
55954
-32465
61929
-33745
6165
669
35526
-91766
-50236
24703
70534
-35737
-41858
58764
52109
-79041
-73299
-83956
53674
99983
9550
-66593
2668
-99144
-80851
95108
81758
-78575
-82722
64391
-67596
93810
-14929
-71045
84419
56439
-3274
66438
-28801
79070
-91651
27255
-90188
70456
-57079
2200
95395
-86887
-90309
39188
20148
88302
42586
-16892
-9127
92684
83495
50761
-91708
80182
56621
-1064
-34739
-24832
11891
46472
16115
13474
71770
-54675
63426
-51559
-51282
-96247
-47382
46304
-18300
-12213
-37216
72803
-45251
-46642
-47102
75560
-24124
-88181
-81902
-29543
52660
32579
-9108
22235
86135
-21787
82761
-93309
-30775
9972
-92847
-6293
-84740
55682
12132
-32462
-60552
-68690
84483
-23554
-41310
38651
-67801
6800
29068
35474
17371
92202
83261
-47386
24794
-44683
-43647
-36649
-47546
-72691
76196
-97738
48513
-55178
-54572
83917
30673
49241
58835
20713
-75090
42410
-17307
98991
58772
-10272
87460
-30751
-43995
-90792
-16392
-80343
14328
69990
95405
52580
3267
-60847
56188
-83248
94519
49723
-66269
-53850
53335
-82685
-23931
95168
-49170
-55360
24872
40199
46242
10103
-18572
-89934
-28069
29595
-41317
92315
-18096
-29482
-90890
-15426
-71616
-96869
47652
-87720
11131
-88523
-93510
94665
-37711
34673
-52323
-26388
80765
90244
-72219
-63083
-36730
-31175
-16377
-33423
69616
93502
87749
96714
-82582
67677
26357
-83801
30710
-71534
97013
56001
74854
30296
-82361
20669
-64165
10479
-41551
95109
-46350
97495
-23930
-46428
99661
-28412
-49397
-41226
-63190
45075
79698
-8499
-58223
94262
41781
44436
35554
-77266
-54450
58460
12489
96728
43107
-89805
-38016
42003
74394
12100
53253
15030
-80219
-6621
-88942
-38806
68700
-40655
-39585
-82217
80048
27749
-86827
-81703
-62580
-62408
94069
-88564
-26469
-37745
-49397
-17805
-4993
-38439
-53621
30024
593
-50530
-52405
-60321
-73487
85125
-36990
-28297
-27356
3158
99806
65840
77000
-29033
-62603
-99258
-85144
-71754
-77506
-69671
33653
3686
-56300
-63332
83247
24240
-93566
-83303
-58346
-73777
-98595
6727
78854
7388
-57520
-10984
-97445
-52310
-45809
55478
-73771
-71363
-58993
71216
-19164
-66898
-64640
-21120
-32161
96786
19171
-39451
-20092
-16887
24874
-91252
-40416
-10933
-77351
62753
39088
92503
-67364
-20358
67957
-33125
-96241
-48442
89901
1083
-7408
-56818
-83662
-25026
81023
-49076
81622
-33457
76956
-4901
25613
-67987
99026
-98574
23026
-55325
65263
-4843
-5008
8589
46381
35477
-13350
17546
-12633
89347
-6391
81300
-75069
-69626
45491
-24360
-41268
84573
51604
29153
-18714
69692
92350
-95741
-80770
-13153
-9183
-39784
39865
16385
72751
41520
-7199
4970
79718
-90697
-25984
-25296
-46687
-58957
-12766
22527
-89880
34982
-35090
-84140
46925
-90989
50596
-60686
-15709
36425
-97306
-35083
73419
40672
-7194
57265
-28419
-30937
96311
70568
-47960
94702
-52223
16582
92382
-9751
64860
77530
59400
-17743
-87599
20524
-1522
-99926
-47375
-88298
-3732
-26313
-14500
-59114
21259
51728
-16730
26063
-1932
-64675
42740
-36688
97430
-5689
-68324
-90158
34381
-44034
47188
-89070
-85916
95804
1710
-24993
89182
38149
-9393
39185
-35993
-51726
-58333
28989
63667
-12476
81228
-26804
64040
64191
-72238
-55142
-87729
-79306
90433
-1059
15907
-85193
38681
-72419
66544
-41584
34696
-41988
-68247
-92920
190
58961
74691
66837
-14384
38981
93935
-31884
-61106
47670
85654
-85074
98954
88386
-81965
-27053
-77497
67332
40147
16942
-45515
60765
83549
73898
-42015
33717
-87576
3014
-21889
90078
96360
-77582
9244
-65834
80882
-50035
626
-42534
45245
-64326
-50269
-94017
-60874
-28368
-26747
-83862
93394
32653
-55217
-53013
-96494
20144
53396
-28626
-55109
-55005
48564
39976
-31439
30607
-2567
71977
-13259
-49642
-86116
-71172
56357
-45034
-53499
-11455
12228
-1216
-70095
33411
-84048
42104
-69132
-91345
85519
62666
61972
34121
42117
-44258
58029
60411
67722
-42526
-51075
-18099
38540
83065
-60879
-35342
56915
-65783
97735
90563
19466
-99450
-28398
71540
-41657
-16827
5704
56982
-50101
-42862
70694
-75082
72942
96732
-84476
10491
-71404
62252
-8762
46180
31150
-34303
-43410
93424
-59422
54964
72597
66254
22782
-29901
94846
-16269
-42575
-69515
-27166
51876
-27644
-82828
16862
16371
-5382
-1009
66981
-11599
-80824
62480
62162
-93655
54044
-23506
7033
-92061
-84252
37544
50091
91669
-77527
27296
62562
43874
-71015
1750
-97634
-44318
98542
82519
60704
35263
65952
-34782
27070
-29472
3928
-46448
45582
51136
27013
-47774
-51167
25067
28248
-76010
28200
-77357
-19453
-47847
76079
51764
-32332
-85005
-71959
-24377
70078
-19634
-27353
74110
42602
-74681
-57479
78898
-98891
-27025
26872
85270
-99503
82758
17934
58772
12888
-92314
15877
-87069
82339
-37668
76335
18338
-16599
18563
-13491
-36319
99892
85502
-23645
29046
-30211
89427
98137
-40402
-32295
99358
36769
-81410
66721
-57210
69034
14386
66484
-48781
-91186
86896
52826
-98187
75212
-94320
-45157
-86987
-47026
-90086
-82324
55769
-31983
53272
-1147
-22786
-41674
77099
-14240
89194
-35021
96848
-36056
65112
98356
-42561
90444
-78846
-81604
-851
37721
4194
16885
-52534
-71986
32665
-11909
-11708
-5708
39785
49885
-94522
-92746
-35681
-50614
-37313
5405
-77507
24983
29222
-94694
25172
-93232
59322
-65803
7956
-18581
76446
63245
41029
-99995
16105
69063
-57848
94799
98975
-43905
53711
-71946
-85655
83501
-96046
7322
-19952
-65983
-43443
44471
-94541
32656
-3312
-57005
45453
54343
-45455
67561
-23202
-23119
72692
48794
13111
-18723
92496
-12979
97115
3439
58253
44930
-55606
-37773
-93790
75410
-92390
-57873
-42797
88251
-18224
-51783
-28861
-60660
-70669
68363
-83018
-34501
-5595
58191
39264
28903
-3412
37110
-58924
96253
14690
88935
70300
76047
52442
19381
-14518
-73585
-93158
54545
-70909
56893
34746
8654
92433
-85002
20231
-81224
-40891
58164
79751
98632
82522
-85768
-56666
-19331
-21406
-22653
-96209
37997
96663
68556
-89929
55971
-63715
38455
-58934
49689
52928
5357
-63023
-36864
-59211
-32657
58550
-46375
-39961
-37973
-60149
87129
-43247
-21690
61122
-77330
-32187
70534
-25583
88355
34500
-32763
65049
79569
-36791
-42954
49945
-18455
-36761
80080
-40763
51010
93446
68315
11799
-23435
-37594
21228
-80781
43540
-43422
-73353
32072
-35583
-3472
-22583
93840
-56077
36692
-58255
-94909
6713
-97850
52246
-67189
16531
77015
22382
-9815
75693
90151
38547
50353
30102
-4213
10408
16039
66462
77333
42393
54566
30359
94545
20732
-28310
2961
16011
-80484
-44071
7488
35266
-71563
44933
-30843
66656
15236
92113
90338
51984
37326
53252
-30184
77676
17051
-60949
-40101
30216
81433
66782
-77015
-12840
45677
23465
10093
-51071
-73489
98956
-79695
65279
-80976
-22501
49980
-44854
-19746
79094
69616
61883
-84639
68935
-14078
-76635
-76035
62126
6286
94697
-39672
66123
-2177
-58606
-50232
47648
46382
-33805
37514
741
-74783
82266
-66162
-16349
-15650
-6970
-87570
-14715
71771
19166
33906
-90706
-73925
77751
-64953
-36562
-78778
70639
-39754
-42285
-97835
-72294
57833
8466
28988
-93518
81917
62461
8897
2193
-94810
56343
90765
98708
78874
22289
-4263
-88764
81345
-29954
69633
-68823
-58371
-89190
-77980
-4757
18632
-95400
-39443
36323
60785
-56307
20720
43168
-63050
-79489
-75267
-98309
90043
-71449
-884
1828
33418
18814
-43602
-28434
-72781
42221
-71725
79034
-72372
-79861
75692
-65443
11864
-6670
7658
63859
-84891
-19389
669
6497
47972
-54363
-37277
-32014
-63066
-94903
-75099
-68147
64557
-57566
87037
58818
77375
17097
55590
-30543
808
10893
-49659
-14543
-54224
83069
-6847
75246
-6306
-20385
-59852
-39398
60399
-54350
-29574
-36382
97278
-53937
70025
-17380
13711
-82838
-1862
23982
13607
-98896
81474
94739
-8956
-80367
86376
-75385
-98865
82676
-58044
-6263
69727
6853
38686
-47294
-26009
1266
45607
26529
-16181
-57595
2553
5355
68283
-97913
-70001
17971
95446
968
-30124
-13765
91079
74211
-71533
85189
-30183
8574
96006
-60478
-49063
-44399
-75493
63511
-83200
25219
-33682
60193
414
39997
-24269
-24523
-81712
-54731
5939
-43422
94577
-42695
65518
34795
-16713
-63929
-67160
-21573
-20334
52922
67069
-77988
-86573
32565
5465
23155
-56178
23868
26136
56598
267
-1404
-49707
17478
91066
-44975
-982
-77763
-61493
45451
-89491
-7512
-1886
-90545
65465
6145
75470
-5684
12008
3934
52702
-79670
-31630
42838
59998
-84748
-37772
64895
82290
61705
27282
-90415
-8531
-93294
23060
-22591
-44031
-74755
-56353
-99905
5174
-58232
-31712
-5713
-99812
-82249
-69673
-21618
52250
34042
72443
-46288
51237
-88743
59251
20741
44530
-44884
-62165
25970
-7585
-74607
47997
-69703
75740
89479
-50166
76396
93596
-87807
4874
46644
17660
91201
-41544
15966
-80710
-10201
-87116
85703
66415
-46450
-31249
26746
-63110
36393
-60294
2021
82054
-61684
59930
-78851
-379
97819
-25133
41450
60026
-99510
-62315
75925
66424
35279
-52646
-98000
-2121
-11681
21682
-77610
66550
63935
35806
87107
62677
40959
-31828
69641
93595
19070
87261
39524
-3696
-81444
62107
-50535
32526
15610
-70918
-87597
-68204
-59940
-32914
32113
45967
2757
90243
-16763
53400
80328
71463
60286
82904
10705
60858
-32451
63791
38024
-3115
-45411
-81024
6107
-95190
-32923
6031
63758
7388
22973
-40091
98593
-25419
-9811
-62118
81387
-46036
-63612
42501
45563
-92363
-1711
93723
97533
50036
1787
81006
26478
60772
-71267
-20135
87255
261
3306
96635
-17617
-57877
-98685
-8111
55067
84749
41211
-89986
38969
59232
97161
-50245
81437
-46836
-63349
-26548
16957
-50436
24955
-4329
-77469
85490
-69164
-41567
-54145
-15586
64867
-72381
-4107
47410
97548
23704
-16378
27496
50037
24081
-95577
-19147
53427
-15067
2589
-81616
41853
24477
-86056
-59448
48123
-65095
-97267
893
88164
-39054
80839
-60128
54244
-71819
11805
15459
86659
-75128
-86747
-82415
-40815
15303
-44836
-38969
-77407
-33599
43416
18147
44013
67887
99720
-90582
50104
-21413
-12278
53805
26057
68961
9825
-86968
84869
53400
-9326
-11367
46742
60400
71635
-35011
7011
59979
70650
69517
93862
33579
5399
24045
-29719
35747
23373
60011
46633
-82879
83045
-85030
11127
63348
-89317
46268
67860
-2498
95514
-92602
47431
-4313
-73297
70742
85459
-66778
56896
-7506
18521
-83464
-71810
75093
2574
-84977
-76785
11768
36149
37734
76302
61276
-82811
-5590
23401
16488
-4381
48870
64485
-79429
43547
15563
55801
94566
1143
-52712
-22485
20331
-27006
-41317
55359
98218
65517
-3591
35954
-13940
63255
27008
-13150
-23217
38212
-9486
69306
50976
-96536
49929
-30961
789
-83395
-34123
-4396
92981
-19238
31928
-40447
29413
31628
-51015
-22141
93640
-25772
-66313
-29
32624
16952
-96089
-16827
-45186
-67077
89027
-89027
51722
-62947
-29484
51984
-18216
-97971
-16045
83169
19734
-13351
89804
14746
47601
-15092
85614
53970
74815
-36187
62352
80821
96784
-83492
-56605
-47139
75158
-42870
-96699
-34749
9835
61081
-71244
-74527
89394
-16879
-67740
-20839
24837
-89049
-60599
19734
7645
39165
55743
-42596
63785
-53647
-61537
-34242
-63387
-8558
-19022
86304
87313
88352
35612
-53467
-17291
-20188
-10525
16671
-24915
-67472
80767
-21862
74270
21311
41957
98443
-36001
44066
55140
55566
70143
40814
-10269
-71386
17476
26535
61501
357
71216
20413
-24645
8361
85353
16329
35000
-84960
80473
53179
24453
-47901
-99421
-65891
3839
-25639
-77056
59402
1628
-90192
-87288
-77502
-75057
40083
67596
18922
-4692
-4294
-83205
-87259
69680
7281
15404
1070
-38419
87891
2324
23436
95529
84926
40263
7606
-50111
-90169
-77460
63458
-98960
81266
75967
79960
-41641
-86520
-95988
-52554
55694
45352
-92374
-65802
-93580
22385
-53774
-71358
-11521
60928
53111
-55506
-28504
-8163
97668
49245
-59171
59255
-68266
-48316
-77905
68460
65388
-46148
67355
-96472
91837
-86685
-43830
71109
77160
80903
-76981
26434
-11452
6574
28143
-6515
53365
68964
851
-14200
-87914
29368
-61230
-11363
-80773
-49063
-43866
-83020
55090
17024
83673
69076
-1994
-84885
-27698
2689
-8873
-94838
32397
57259
-7677
46721
20516
-29722
-38872
-28796
-42193
42275
-82895
-44058
64669
-65892
53748
86236
-21024
-99769
-79835
-13764
67878
-33075
43684
-9156
86515
32083
-89914
-68802
-90662
-16210
-60234
66980
88908
-25568
-83804
-99742
34847
61661
-7309
99668
-32718
82891
25701
21345
-14166
-70388
20186
86616
51441
71172
77376
49983
-13144
12615
-78007
16256
-74517
-32492
1027
-54126
-96100
16086
-8933
-60462
-31795
-61336
-53297
-22959
48275
-2377
86166
95382
-43628
97143
-91739
-32610
-50526
-54981
-74176
-91390
-53053
-43277
91669
82947
53832
58173
-14948
10122
-18569
95680
-28776
-59885
34671
54915
-49756
72723
-87659
75661
45573
-15886
63856
33897
37270
-55728
-20943
71807
-78815
15636
-70322
-77801
-13587
-34584
-86247
-63633
-52218
30995
-35409
-5955
37632
-12348
31606
62302
72131
73915
27995
43878
29378
48326
-29365
-53007
98492
45734
-13366
-29178
-58387
-27407
94165
47151
-37693
28741
46106
-95062
-13041
-13024
-46869
-68111
-57989
-42761
22057
-22368
97456
-41636
87135
51068
-65317
-13778
58292
55895
70146
-47681
50356
-33045
-51731
26764
-77252
-40669
21455
22950
23360
27500
-48348
-74374
-2682
-76839
-24969
-36753
-23727
96576
-96083
44087
-96084
-24532
-20488
-91032
-62329
59125
6289
77625
-70395
16953
58327
73071
-31884
-63328
60647
97161
63802
46801
-95788
-64854
-75882
-71711
86798
-36636
-591
-61491
7140
-74245
-69097
17078
-13161
31522
-90544
-21232
82665
-1084
52777
39917
47511
-6514
41980
64064
2674
-48329
-14587
-20002
-38770
57455
-77276
-32375
88189
-46469
-7821
-3430
29097
84398
-92308
66078
-54978
-64487
-91485
54904
84120
-9884
65348
3494
-45980
-92102
69950
12275
53094
-18335
56951
48286
53117
-37370
75159
61336
-29554
35214
80811
84879
38306
74182
-43814
85406
11639
-35280
-8126
42084
-84609
-90518
69972
18971
-18858
91180
63975
8533
68662
68212
-49144
-50522
-42185
-73877
-77027
84911
84742
31057
86837
97387
10474
-11871
20999
44841
70656
-93263
65002
-12776
-18307
-9264
63175
-41106
-28922
-27141
-63562
963
7772
11890
46418
-68839
34483
23210
-57228
43486
57254
96152
-61416
-57340
21441
-83582
-56265
-98684
-89560
-49468
8480
-51456
-38920
-25806
21889
-52075
35791
-80709
-77855
65240
99010
-8660
83757
70074
87643
-4479
56766
-1416
3561
-82233
27674
-99767
-31675
-81762
-50103
-28643
28214
25714
96718
54486
-73629
-76959
-52514
56548
-83080
42455
-79903
-56382
-23384
4924
38050
57034
14882
56360
9351
72931
-20171
-94170
45377
-69282
-32334
-71634
-74941
-2301
83705
14206
-81948
-27095
-10212
1766
-45422
38265
-50142
-47623
-76722
-7097
65293
-66696
28870
-13736
-3085
67349
60889
-26330
75010
-83185
4782
34782
22433
-46431
21246
-18648
1510
-44303
50802
78328
-47251
-95100
-85618
-71718
-19818
-45790
15343
-76555
-55332
44685
4105
41939
-17793
-11747
96071
-12782
48868
-47828
32636
-25452
24664
27244
17946
81843
81517
47459
15642
32592
-39370
41064
82191
92521
-32780
-38163
-5318
37675
-39819
23286
67207
99471
75296
48690
-66026
8913
47125
-50918
-78589
6748
-42719
-66077
14672
52786
-23881
-20546
67074
56772
-45117
-47896
-39209
67885
31132
35424
-16634
61186
-72370
84884
10878
23325
41666
2770
-87482
22177
-75061
-11281
-15783
-59940
79595
77293
-47273
47108
-79088
-1635
14239
31857
-87359
-40962
-38130
18498
64396
-86786
10741
78575
29462
-48602
15224
-77075
-43698
-14363
25960
-4240
-93340
-64302
3128
1818
-52855
-40011
82385
52334
77004
57949
-54675
73915
-80990
-18080
73346
-1417
4674
-43898
68485
43610
7583
37675
-93198
89467
-3786
-61417
-66554
-26445
79765
-52906
33608
90354
-98161
4999
28287
7941
51475
-18852
-71371
71895
64752
61063
-85662
95174
81875
67774
-53443
-20455
46710
-8163
60432
76484
51997
25899
-93668
72462
-28150
-34875
-50868
-62239
-70695
-1201
58930
11036
56682
53637
39755
-1973
71883
40797
-56564
43339
19201
14371
5738
82407
58686
11031
46107
31256
9402
-78320
9967
37601
-27950
-11094
30525
83415
-38007
-66604
-64604
-88819
74304
-81565
-57360
-8020
-41711
89123
68384
7102
-36412
10770
33374
-43939
-43043
46533
-10342
-83179
-89168
-53366
1242
52959
-42106
24511
23737
-65868
21074
-16367
57660
77709
21486
-9068
-77839
-58643
14745
-63842
-68352
-83245
-29573
96112
-12633
97558
39967
95133
-13839
57916
31395
-9291
52018
-33653
28127
-37273
-7657
80816
-94196
-36503
91736
-95546
-56740
-60612
-72958
69614
-86340
66997
-91425
9682
40901
98870
-59701
-44786
-79145
-73894
89365
-7994
35127
80593
22288
21467
-88604
31746
-86193
-81480
5066
-35211
-5739
-71764
-22338
88723
19188
-64474
-78676
33049
-8050
1962
29329
-41065
-93516
-90994
-600
-98269
11285
86753
34897
-63409
-77329
97789
-5187
2003
99479
27577
74789
-81006
-973
30835
-60017
-3454
96136
76473
-70090
1534
-77632
-7962
11862
-10888
32898
-59914
37510
-3831
91477
44558
65337
-87777
-84364
-6901
-65380
-57767
10814
-35442
-39196
-65843
40689
-34609
80414
-3070
-65356
-5337
-52646
-31590
-68807
89646
-10961
91328
14574
-82123
50954
-14692
-30211
94888
-10258
-7915
41122
-5715
-63691
-66270
12478
33967
-78643
43797
-2136
29593
27633
98242
-9938
-59998
-91869
50026
-75481
-81551
-65557
-74671
6595
-98923
80973
52048
-60686
76800
-87173
45786
76246
-77138
69103
-26825
-75227
-85296
56640
69227
-38475
53454
-32630
-12274
-9325
50140
53472
-14263
35138
17190
42977
-43941
43679
-51223
78563
57270
-33022
-77387
-23514
-17585
77121
47652
40274
80732
46464
-11564
-53322
-2610
62219
-15686
18913
7759
23148
81191
-87408
65221
-29351
13484
-41164
21707
75517
7067
-74015
8840
-77175
29847
23729
-73256
-25551
-19321
69617
-96384
24805
-1560
-86489
-6917
-93670
62116
14984
28
-31731
-2725
-49052
-50501
35380
-91454
-84992
-14197
42945
12661
45850
59361
-94022
78780
92963
29302
-41660
60573
39981
-28756
65386
-71042
-55725
-69338
27662
-68739
-95556
-33104
71911
8726
46365
426
-53314
-71975
63582
30034
-22308
7771
-4692
-81425
93745
-98387
-88085
-28998
75275
89676
44885
33878
37405
71615
-41488
7841
-93800
90210
-59404
20372
80831
-45315
68157
42347
20490
6344
91663
-37886
78630
90300
61393
-54035
-17481
10629
19411
-48246
-50874
-6337
-78787
9977
-49530
-78450
-1855
93484
-60181
-76951
53980
89069
89758
-72306
-51327
28934
-34937
58654
99328
55162
-29517
71270
-21643
30778
-63785
-86267
70719
9603
-37863
36779
-48882
-5571
75896
52015
83500
9795
6037
21164
-37468
27504
95642
-38179
31559
23826
64130
-54689
-18565
-96212
-87381
77399
14461
75844
92485
-73336
-67403
5796
45122
-3586
35807
53713
53887
-99057
-47349
30219
77816
60393
24681
87483
65090
-70061
96187
-13336
54428
-67784
78542
-12983
95750
-34016
-7803
-72289
-56132
8461
80873
82351
-90433
84956
11235
-3776
22855
-786
-26561
12158
-10455
74858
17714
-93522
-38187
8465
-98702
13085
-88723
-33299
-5007
5916
26777
-33743
-18912
-60465
30160
-86638
85513
-31150
-60987
-623
-3909
95105
52944
56032
37560
-67770
98322
43640
90469
94274
-88015
43965
-262
-36049
4961
-99424
-92021
38495
-23239
6301
-79377
130
33887
73814
-93866
-49100
-52103
72021
27571
-45457
-27715
-79526
-79403
69495
51057
-6416
-50655
-9339
-17196
63265
-67403
2552
99286
86329
-12654
30251
31682
84903
65964
-29553
-64230
-50630
65377
51769
74103
-39463
-49766
-22873
-69428
41838
-9160
-80751
-82735
15004
-76761
-71365
-68896
-47474
90089
23644
-88024
80744
68085
92250
-99829
-15627
36843
-10717
-24432
-78366
17263
-95570
44322
82467
-37890
-44564
-79493
73829
-10956
-13979
37838
-80370
-45709
1822
51496
46385
60499
73416
-37769
41856
-30227
-73434
82260
8691
94676
-67303
77174
33309
-61764
66665
-26790
68030
-5699
-39378
94259
98629
78156
-41714
-66929
53567
38809
32016
-27867
65401
62962
97057
77292
56714
-12192
67451
13961
96701
50342
-4337
-27986
-28783
15545
-11937
64815
68137
-58697
98188
-88108
-21839
51601
46984
13327
73831
-69620
-95762
45535
-32734
-16433
-2037
-16716
-22370
99106
-27367
-70025
-25229
2615
92862
-45100
-216
-51897
-1610
-42727
73314
-16246
-5983
3823
-62965
-62171
54748
-71891
56802
41234
-28370
-32947
72111
83181
-65413
79077
-74468
-17586
68944
57939
-2306
-77192
-5862
-31618
38805
26480
72741
-83655
8895
44336
71860
99440
-68379
-71134
-69662
75683
-88954
7230
53316
-22980
-5662
-67060
-7787
-71507
-72749
-92077
58626
17087
41034
-53646
-59417
-43599
-70039
31241
-83890
-3031
87612
-14832
-62200
81562
-6859
-88512
-21203
-99665
93823
-3433
54143
-35684
86532
5408
97392
-82287
80818
82225
-7316
1768
-88696
29555
11838
-57789
36528
-79180
56927
-67004
-43330
-4142
-92634
-35879
52277
-27976
-4229
-30687
73228
-424
32566
36684
22409
96270
-72502
-9894
59799
92432
-4132
47048
-59003
-66939
48343
-78643
-16394
-7348
-56496
91821
91604
-7444
10641
48813
62813
82187
6225
-61039
-47372
-50155
-18520
11099
18359
-74561
62837
-61067
75280
-4713
27999
53344
87382
-21217
47826
-83046
69305
69357
-35985
-61922
31661
52934
-40100
-24051
51221
73708
-71478
-11332
-16018
60192
-7088
-69483
24316
-71146
11092
43941
41595
29615
-54685
22583
61136
63935
81114
-53267
-77265
65865
-36977
76435
-57258
64478
8488
-31945
27617
-13714
72588
-66855
10010
71964
55482
-30403
20450
-30430
-55191
-63584
47554
87705
82783
65350
95873
62867
-17329
52353
-89277
57790
-73495
-84173
60626
-27665
-59195
-55091
-43808
-37948
28419
-88690
-4306
85023
-75241
-99836
5694
-47319
-30287
99453
97098
-12739
69508
-84676
66392
-10195
56874
-12966
-38279
11754
67761
28618
74008
-49842
84050
-68802
45461
2299
-26663
-73729
46390
-90030
-69019
29915
-8711
96530
52548
-7275
39486
82475
-62075
-82776
32809
13078
58953
-96625
-42593
7470
11227
70412
19621
49440
-460
98676
-79887
67337
24082
46296
-96026
-59455
-12753
18866
46369
-72871
59232
70905
-97084
-36768
28380
-71023
-69099
31219
54618
22368
77933
95472
23300
-65038
-84369
-70637
15611
49788
87408
-5858
96368
-59839
88659
-12168
-6185
-14511
57621
-10594
-18331
-3539
-13320
-78217
71828
79105
25770
19566
-503
21462
41527
89324
37026
29758
79533
79195
-64581
60833
70836
-14626
-21396
74792
47855
-34518
31213
32805
-56751
-84106
-22102
80207
-11058
60299
31099
-51484
55623
-54807
-79635
-13916
-73445
88068
22617
14904
-86323
-46822
-96381
75302
79985
14549
-89954
-42983
-21430
-98256
25192
58601
-18870
52958
-51766
1881
-12210
-73504
-99604
-78977
24842
83248
-20344
-89281
-93063
86749
-50757
95317
91358
-9810
5039
62274
-12465
-33580
-41361
-83176
20489
52399
70045
83973
52723
-99280
-83941
89933
-32145
36447
-44619
-30317
18937
-42024
-40608
-28528
65810
5975
-61673
-89668
82965
-14028
-62234
-3984
-27355
-67779
-27160
-12788
43667
70505
79626
44499
-45274
-39272
1918
65514
-58161
35873
-95177
4367
-77884
78795
39063
-95919
73245
-19259
-81143
-69356
-29344
-66584
28062
-30622
-95446
63060
-55381
-68889
58871
56670
70927
-81279
-23956
56835
-60094
72973
-84248
-30549
-21445
-86869
-76447
83692
11963
-81728
-93079
-20027
32521
53472
-75735
7697
-573
66785
-73018
16671
70498
2899
-79254
61621
-64303
67643
88871
64776
-11249
-73843
82851
21170
65980
-58394
92529
-94078
23280
15229
-37982
-85977
-42618
-82410
-10961
-91372
21696
91521
-82100
17380
59625
2193
-24008
-21685
99754
55491
45948
-31824
-65798
-98207
6409
49338
77501
-84992
24535
83921
90554
-85601
50138
-72401
84725
-4418
-7275
-32189
25152
53045
23628
55826
95785
-41938
-81218
54669
38730
-92553
-61723
55318
-5101
-22032
48870
59649
-88413
-45432
98214
80780
-79495
30709
54687
-90241
13451
-66268
93418
93179
-74459
63154
94484
16807
-63009
49146
65774
61069
-75504
6611
-90691
-17862
-32365
89077
66906
-61384
85471
85880
-52115
52083
79960
95245
-1590
40902
-38038
-71862
4221
85526
60023
-75253
42817
4929
-65813
-26333
-95259
87631
-64354
-81561
-83650
93811
59813
-6320
-61788
60482
-71848
-14624
24
62828
-27891
92517
-15537
-22560
93097
58731
-71471
64160
53105
44501
-79475
-65469
-40643
56866
54622
76727
906
-94796
-57072
71684
-32127
-69050
69726
-45622
-97774
-48926
-70412
3527
-1360
54893
-16961
-37599
84653
98656
-55372
-80151
-60283
-88510
55997
55746
-24679
-38790
-6898
-22828
51884
60117
-68044
55842
-77222
-65157
25477
16972
41825
1028
3379
85294
74414
-38985
27387
47859
24612
-86764
-78187
-60598
-36109
-71059
-43571
-37029
-63772
58675
-48308
-2437
95790
-80043
-55558
46482
86983
40366
60236
1243
93773
-81795
-44929
12316
80793
-43820
5939
94440
19684
-67864
77462
51787
36940
-43869
55779
-23345
21206
-47360
-5048
-26655
4596
-43284
-34191
23221
-2409
94413
-5792
44059
7583
89813
8681
84266
91747
-65689
-98262
-45322
7279
76930
79929
-94849
-305
-21734
-52019
27384
1859
64913
91615
70878
79650
-9853
75583
-35202
-36461
-6416
79997
36471
82783
-67258
52192
50902
96750
-7905
1890
-98161
-71920
54549
6269
11093
-86410
-5364
-11594
-74323
46742
78435
52907
77376
-60833
47450
-94966
45002
-23905
-43756
39879
20406
15650
32925
13254
-34403
-41698
78325
-51531
55243
38694
-96750
54628
74698
19055
17078
50716
-601
-78477
29931
70434
-38064
-48501
-39718
73873
49986
28163
-7960
32694
-87205
-63529
-52144
-76212
21624
-57832
-44609
-30910
-79152
-82984
20346
75104
-63910
43167
19394
-12255
-67644
-27195
11237
-66490
4697
-18883
44000
-2990
-40489
11880
-90436
67913
22897
26400
77657
-36356
59714
-74093
5334
64429
-85795
-18482
19557
68641
-73814
-15812
-51865
-51503
-22872
-90156
60603
48660
-36834
-88540
-77836
3329
33151
-80306
-64317
-26530
88594
-56215
-98617
-71057
-22674
-33033
-55167
33208
12654
-25319
60405
-74472
-98954
-84895
-38347
37190
73649
-37022
-69913
60768
-38573
-81986
10068
88924
58984
-82763
-86041
-76149
-74348
-22374
-9382
26994
-32469
-39704
-37694
-24387
71295
25508
-94449
78675
-89810
89253
-24523
40488
-41550
-23883
-82105
76375
-27889
-17806
40969
88269
2694
44437
-31137
95147
51613
-81322
79632
-83466
27601
-82031
62447
43007
-55087
67581
44980
-50831
25453
825
-12688
-26665
4903
59214
-5624
-51561
62031
50454
-93898
-6266
5751
-29460
-41463
-3516
-13641
45738
-43775
-95297
79711
87640
31505
-22597
95984
-19485
9435
-15492
-19392
-36992
57259
-27434
91208
-34322
14199
89706
5826
35528
-33508
39751
72085
-46629
9923
-39669
75058
78239
43693
-50765
-88388
11948
-21069
75570
12913
32734
26841
-36535
96145
-57126
-45572
-42717
-4160
-89868
-32016
-6625
-91593
595
-89062
-61410
49728
89597
74853
35594
-10886
-39520
14339
10195
-83442
-49429
-22845
-89213
50213
-19480
33728
-72775
93078
79541
5130
-79273
72206
18707
-5060
-94387
40433
30390
-25220
2556
-99425
96766
5541
56592
-64422
-68969
-50889
92535
-26481
74991
54036
-57789
-8590
-69369
43744
-83118
-56785
12249
19893
25738
74394
63823
66121
-46797
-44999
-46301
72289
6127
-26112
-27000
56573
-65702
6979
-78149
-12398
-93819
52326
5990
28406
-74916
11736
-39736
-32270
-14679
40625
39808
-25312
-3977
-18274
-25229
50794
-66645
-82759
-62580
99927
65032
-40901
90703
-11859
-99452
-15855
-2847
31357
-43671
-13313
13879
63264
-52513
88753
-18433
3633
-65498
-25210
7144
13375
-1668
32114
-32876
-72935
-14694
4193
40178
-63578
-79142
-96802
30909
-80761
-69049
-16833
4367
-65632
-64855
-90123
-49766
11288
1710
-50344
36014
-86805
-5321
45506
-18673
-29275
36300
14472
-53584
83769
828
27050
45774
85942
-53519
56576
-46379
40660
6814
-21982
-76432
10243
95991
44511
-6376
20760
62067
81651
63239
-9545
-95964
-64252
-83686
84944
-17828
11606
-58042
51502
15397
13916
-78681
70039
-97665
59345
-18856
78482
-12039
-15680
-42098
31284
75452
-53324
50913
62406
20329
86673
14557
-4061
-70582
19755
-97735
91967
25836
-4573
-28405
-88230
25174
34496
-84519
-21856
11983
54405
94054
-4610
51515
-5609
33424
93588
44815
-62772
86093
-17139
-75109
-42838
-52819
90367
50510
85317
45138
-68158
-70600
-87107
-59997
-96808
-10161
-11384
32845
24397
68309
24302
-79075
-7363
29726
254
-82703
-63557
7087
79793
62504
18606
76939
-82851
-25050
43871
9940
42864
47600
-76396
95502
-62505
-10586
45205
-81514
-47284
-64570
-79022
-11978
-53855
-51752
51901
72875
28082
-41709
-11774
89046
-64674
-91627
35260
-94188
38620
13804
-48591
-4209
93437
-57319
85812
-32997
-5311
-78837
-17306
39224
59933
44602
-53137
-78883
76936
5363
-1836
-37708
-38000
-4514
93659
50211
-62979
-28436
-37721
49588
-48299
-18337
-33059
-2810
-56806
50222
5253
47
-20049
-20792
53342
23042
72916
51328
-78749
-85413
-69102
-88253
-37083
44145
80621
4056
77376
-86251
-7309
-40114
-24792
-41579
-45451
33237
-81719
-67995
-97805
24866
-81767
39489
-24173
24943
9329
-532
12972
-32240
-91043
-7340
55256
-9535
5105
-24709
89871
-60833
-99962
2093
69635
3540
-4011
-41751
25087
15116
62057
24785
42540
-74450
87358
-29980
-75874
16084
-87616
90285
38292
-75489
-67127
67874
-38836
-14694
-87164
20567
71507
33251
8050
-70663
-59813
32331
-4408
-834
-83447
-91426
56446
-13340
49696
-35792
65130
20708
-35577
55615
50998
-73184
-64906
-3475
-7826
-12454
-50537
41414
-90380
77335
-20523
-36740
-47345
87153
24023
2172
75894
51693
-48552
-29137
-25643
-81413
-7344
46759
-42659
89060
38523
88518
78206
47705
-42443
24948
-47179
54975
-61549
880
-46824
33458
85608
11690
27922
-73991
98378
47677
-56048
-52718
-98765
13565
-84578
-69743
-78495
-16214
-42432
85015
48767
-43794
79335
-66504
36652
97638
54782
23825
-47995
-19370
15021
38425
-52299
-2622
44994
-95969
84266
-68456
49744
-57547
-66755
-53579
24267
-88513
8318
-83647
44159
-39595
-24346
20202
-91842
92706
-66109
69162
-7341
-39008
-11334
-33968
-23434
-37249
1837
75135
-38267
-5144
68788
-6001
-54397
81141
38986
-69829
-56002
70587
4586
56029
38138
-42165
-55342
-18881
-49012
-56583
-30813
80046
92131
39017
-73454
29255
-52378
9948
-94195
82799
-14596
-60547
3733
18691
-40128
56252
70245
66480
96960
-31893
42236
-78129
-99881
85713
-28671
94634
-76477
36255
-6303
-31053
3748
-18568
-61798
-88014
-23141
-46076
-63594
-84032
-9280
93883
2255
54749
1926
23071
2302
70350
-13932
-12891
-71045
-43893
76939
-84345
30560
14499
-6273
-96316
76341
35971
-63369
-13222
-44088
10998
-84721
23619
61839
-5949
56595
76370
-58265
45368
-24644
-50686
-58445
7182
-19800
57452
19942
-26191
40707
-14596
34771
40717
-72924
-55163
89430
86668
-7365
-16250
-84802
72092
-76791
-32543
-91002
14786
-85154
43702
-99967
47012
-62597
-68504
77591
-66749
18934
-97452
73559
30930
18059
-81063
-73256
-27374
-38123
-7767
92870
94900
71789
-34103
-28328
-93513
89266
-32959
-66440
-62934
-50210
11152
-98745
-9232
-78866
49061
-24053
-20190
99091
-25065
41847
47250
-21041
-51997
-33400
38683
65141
59786
-25245
28400
-81095
-49870
-10275
40528
-98633
-11064
-24104
71105
65834
-52502
-33159
-93721
-78825
94182
5823
-33273
33502
20078
97245
-73984
-85800
-156
-49203
-23704
-30118
-76853
-74248
-62165
2779
-45201
3492
63116
-10089
12278
-24434
-24218
2988
-48932
30870
-70220
85355
-73168
-80321
-9344
59057
-16835
-55064
61200
-88314
70919
66652
33471
62933
48822
52674
-71736
-97886
-24555
44566
49217
-45767
-1158
-35525
-91708
53465
-47650
-8638
75059
65032
-72443
-52851
-33573
-39283
-81265
85486
-57427
-9531
-40009
31184
62819
64174
-91444
-50432
-26411
66659
50640
34862
22873
53436
9491
41018
-63130
-97462
160
-46002
41121
96154
61157
-26290
-91789
62943
78398
34514
-73664
88986
5524
-16492
70393
37699
-10631
13927
-334
32744
-42884
50422
33308
-86225
71233
-71009
-9041
83981
-26644
-42890
-71188
-39757
92608
-94106
17416
-11874
-20285
74382
-43156
63789
-76407
-80990
-53056
-80925
-51027
70617
39689
62048
60642
-63074
-43131
4965
-70674
42704
87216
23049
-62221
61102
51844
-28345
-4754
-98514
77003
-50065
-90488
-95453
-62795
-57661
64923
80534
40599
104
-46721
-19635
69354
-26832
-89045
43539
34820
-53566
-80542
-13224
81250
-64639
-66096
89993
-18812
-38651
61368
93879
75429
-22747
-30562
-20516
-84675
66043
-8125
62310
50212
-59169
-32660
-66035
-12280
-40445
-25301
89037
-74940
89463
87035
96922
-63078
67697
-3413
16237
-49341
-23400
40731
-67720
-65981
15914
-57190
66956
59896
-61046
-10879
44336
-60135
68
65757
80390
-32290
-68872
-36961
-52148
87728
-84770
17838
-4137
29492
-54236
15548
-34869
-32190
28021
-34068
-5146
-10260
-9692
4548
81626
-28903
-2136
24166
79846
75607
-14231
15331
72794
73286
-63369
69526
-10460
89872
-18535
41478
-74613
-58944
-13556
13307
68515
2787
-28722
61037
42424
-12112
-33256
-56289
-11514
-14845
-68449
-48118
24257
58352
64302
-91723
-5644
71234
3843
-46352
32904
61610
-20989
-60577
77457
30483
31573
28869
-82186
-79568
76761
-11150
6349
-22127
92591
-7462
30065
56658
-23813
-95079
-65352
90575
70130
-21926
-27623
21523
27846
-89410
-37682
-54234
21520
-86796
51868
-8541
-20972
16301
-81303
-67379
93294
-35890
-29303
62903
73798
5230
92881
31517
1199
-2132
-89916
-3540
19044
-29738
12578
-88402
49156
46793
88634
-53267
-88687
-11994
-28319
41094
-91488
91018
-62062
84979
40571
74102
-81436
67522
-7488
45909
-86577
74484
-15964
-33274
18105
-12744
-68338
-5602
75706
-60630
55438
16496
-159
83247
-65234
74328
47626
4197
53460
-18320
-40888
-977
17309
89978
34085
-10921
-51159
-18431
46209
-86154
94961
-36419
-8242
55536
59284
84622
-26483
-64534
35974
-99491
-4592
76326
-27617
73681
93749
-75109
-54802
11538
95416
-55227
33531
-71673
-32710
-30858
67662
30585
78133
70935
82619
13696
-13144
1563
-23776
45311
51224
-67618
28892
89763
72157
83833
93665
-34603
-40233
31932
-27690
-768
36326
92693
27262
-24140
54974
11515
7177
-63028
-1350
-45448
-93227
-80540
-23178
28210
-99612
46513
-74240
19714
2412
-97017
-53537
79453
-38602
22320
70908
79252
-48689
-35819
-87636
-50713
-60890
6202
85123
62129
-55633
89808
12856
-66072
7301
-53027
65036
-72217
33044
-69202
-58719
-20286
67323
2191
92322
-37006
22004
90835
-71867
62557
84769
93847
-13782
-53854
66657
-94018
71104
-59647
-421
92534
-13043
23464
23256
-2213
-53407
-28608
-73259
11421
-42218
66728
27220
77519
-39981
96237
93596
-33920
-77976
80277
90696
51913
-69715
-80498
66342
-32434
83887
51522
15798
-82479
-4251
32150
19217
-68561
-31673
-50950
-96279
-31646
-29039
-722
88745
-77251
75389
16164
65033
63514
-51205
31689
-28172
-27634
-65421
56323
77876
-43663
81128
71739
4567
-73613
44973
49602
-6681
-59628
-3573
72896
85058
51117
10967
-44000
43581
-95636
-89880
53786
-41455
31834
42175
-7795
93875
-73850
-69685
7013
-93427
97990
-34919
-44403
-36485
75317
59745
13329
-17867
10392
14898
-1721
47815
1341
-24024
49454
66122
-81755
-70656
83807
22413
-76619
-76130
-48978
-21180
28786
-95238
68342
84919
-37247
-28006
-67801
95615
-97335
-28137
2581
60588
89537
63629
-87884
33233
-58589
-7978
98048
94558
69711
-24627
-49964
-6695
-20562
83316
-42284
45360
-84066
-34270
-56966
-51829
79013
-34506
-2803
45357
-77603
47106
-86139
58271
67433
95840
-77749
95924
61165
-45086
34234
-48331
-30460
-39544
-6110
-18527
24566
39202
-4556
-79262
-23354
69411
85757
55442
31660
-58448
55745
22712
-21115
85824
86243
73033
20515
-75112
-86982
-80043
-2310
-3248
-37533
-69516
-81426
12035
-49267
18127
88568
-16761
-77860
-13718
16213
13162
99082
2364
92530
94356
42110
10691
-36257
44297
99669
-23601
36580
46854
-68708
-97873
-37450
7044
28037
50129
18541
78608
-84464
15584
62969
23158
89433
70692
-25036
-76508
82766
-65876
-16093
-91159
44294
-66291
54318
90440
45777
-13723
80340
64646
50803
-57210
17680
-55918
-26508
86089
-32941
27362
-8415
80886
-49978
23012
32912
52582
31027
-50550
7562
-91564
23556
-20017
18591
99087
-33232
957
-73463
-95987
72656
-90956
-7982
40278
-47611
36773
48315
-24559
67819
98332
-34821
25982
66688
72577
68288
-56268
-14543
68895
29894
-78827
-68532
16237
-96029
-74575
-32612
-42924
74462
-65678
-97717
80370
15047
-23258
-58563
58202
-56366
-77954
-34132
70764
95799
-83501
21069
-49292
-33383
-20294
5310
21752
-54280
-93172
96126
-54688
2477
-42527
68067
34807
-73700
-52407
17637
-95918
-45598
46878
-39941
65917
46580
-52079
63534
59372
69914
15196
-37556
36124
94898
-68888
-25341
43131
-33945
55952
-60208
73610
-75564
38172
98220
-25068
-14821
12424
-24377
80218
-93348
73492
15720
-95643
15479
61255
93870
12712
54014
51259
70888
14910
57363
-79944
25918
-60987
-69060
74347
-46309
71538
-70895
3168
-57961
68629
-52087
-72675
40391
-57215
-19378
-82434
-40304
66119
-60058
-80127
600
-84303
55858
-73523
93639
-70192
38621
68861
-66172
26541
27764
89434
-89630
-81986
87342
-26845
92782
-72117
29077
75662
-25584
-12625
64393
42020
87780
81204
50587
65972
33554
41693
-58962
58285
53361
7469
-89233
34015
1785
-86610
-4625
-80628
30522
-49859
60141
-31236
-14464
1179
10795
91777
-46821
-17523
-93768
-69389
-17464
18721
-2229
-78502
75985
4001
33911
57850
-43018
37087
68848
-36766
-58103
-98877
63335
30710
-18790
-12674
50379
-72136
-78474
58050
18023
70877
-88851
69993
-6871
-30464
56671
-55223
343
-47934
55835
-14224
28359
-69188
38368
84237
13055
-51384
-25935
-12706
-89974
-89331
18802
20474
-73847
-74472
-47085
80575
42757
-6956
33490
-72003
80467
-12188
15938
49555
-63562
-73838
37770
94095
-69881
89746
8101
87030
-22144
74415
-59797
-72860
98456
-63472
75393
-27925
-34264
-72852
-36153
46776
-62048
63015
-96058
57464
-93722
-79305
-71734
31181
64201
64440
37782
-94394
-32993
65145
79387
-90464
-31179
81024
54047
-76844
1633
49445
60442
40312
83335
33625
-42398
-43129
-69584
-32734
78662
-44072
57935
27704
-6383
38901
33370
-16188
25352
-42984
-39751
-15323
94604
35611
-65147
-10750
75866
-14611
-96145
-96858
49253
-33361
-71704
-18523
-19329
29310
-2552
13094
46396
16251
-5871
42353
-21600
-7679
86610
-84430
60233
-28791
5882
-10340
94266
53454
-48711
7474
7385
-2458
6457
40760
85173
27674
79630
74951
74260
-28717
4237
3002
-6541
-45616
-80488
90781
-34954
86658
81712
-21472
80939
-1987
25555
9917
72651
-18248
7660
-10909
-54802
-46303
-15905
24659
-12536
-5213
-18915
60459
-35127
-51302
90690
58789
-62400
23779
40171
76397
20333
-32871
-51915
9920
20185
-89102
-76621
-11334
95203
73828
-23463
-20736
-19009
-68550
-36099
-63282
-398
-2456
-47605
-10108
6639
62859
38878
-76480
-94135
-69000
89584
49507
16141
-58277
-89687
54725
-92868
-25101
-33189
33768
55016
-78866
-27305
28454
43921
83279
-16170
15477
62521
75651
34120
32779
-49391
25739
46227
62501
29354
-72411
50468
-11449
-34994
81429
90838
32991
74961
-7452
52550
76268
99192
-5368
-15662
-58315
87896
1828
87450
-80267
17210
68322
23994
75954
75963
66304
-11925
70787
-98142
-39666
88517
-44357
81630
7157
-61763
-99038
80520
-42691
-87711
-91908
39029
3319
-89975
82423
-63916
-42014
39165
-89105
80449
-52393
-33321
65720
-44790
-74238
18784
-58901
42893
14834
79500
23754
-31603
-30926
63476
38817
-57839
-15478
-92431
-89451
-93366
54195
13848
-32211
50870
87415
52764
-39961
-11821
36787
26005
48667
-58300
-97240
-79314
-1656
49482
-44781
6287
-7129
-54346
31547
-74198
-22773
-57403
60117
-14247
-68936
72589
-30903
27253
-10998
-6237
-74947
68049
67060
-54266
78663
-11616
11948
-85340
-69294
38486
-96985
93092
59307
30279
84245
-83664
-46047
15598
5469
36113
84764
-27873
-40434
1462
-62980
-84967
-77484
-41666
16962
42267
17139
42021
78000
-87966
-21232
-44237
-48192
93101
-68291
25605
31911
-34043
66234
95822
-9380
70973
-38054
63949
-34008
-49347
-90708
40715
89136
28524
-16137
-67762
-60738
69378
23459
93110
-39725
-46981
-1275
-28048
-2241
-73147
-58
6
-88761
63792
-83896
81067
-35150
83818
21376
8649
-31907
95181
20276
-26619
60027
49091
42133
29733
1525
-88531
-41594
-94805
-21071
-57967
88321
367
67342
-57934
-53767
78016
76277
-77570
19876
-74931
2311
21637
54600
-47962
-34191
5981
38048
68739
-21098
27959
29489
24975
18120
39926
-52255
53460
34311
-35235
-39163
-23274
54046
86884
92815
-85238
86493
76017
-35587
-73842
23126
-2285
87831
-90862
-69316
-68874
9259
-64853
58442
40385
-42525
-33302
73479
42354
65383
-31772
-40178
95024
59325
68324
2780
94896
95334
14772
16892
-35836
-32344
-45970
-50095
-9839
-82219
14366
-52686
84167
85805
-66396
12872
-66936
-21174
-42028
25109
-8495
-18603
-20025
65514
31564
28946
-76510
46170
27297
63382
77705
64199
-55507
-93657
19277
15694
-83150
63513
96828
91723
-27623
57603
-66421
-11023
32779
61846
80332
-72631
92666
25469
-5279
-41507
-25335
-85625
12710
83815
-78254
1374
93213
-32907
97460
-73733
73534
-99004
-56711
-97808
-38692
-28851
60653
43123
34728
14184
39339
-76239
-94745
21831
-4494
-87842
75633
-9269
-20419
-4233
-84772
42254
50688
-79875
-52657
-82189
12472
-33087
-82596
-73213
-34126
80368
-53976
83630
76489
50264
-93314
61862
-60316
72580
-77176
-81305
59403
70635
44691
59248
-73411
-64800
-61252
-87236
34860
24838
-9866
-65752
63211
-17411
13230
25712
54180
-33014
-86037
-61683
57741
57690
58490
-89622
-87027
47592
86318
82596
44347
-30843
-37026
67552
-46934
92851
-3519
2750
54429
-93811
88370
-80398
-38608
45083
-31495
-1268
-41638
-52499
-82798
-13898
-67078
-89525
-13407
51707
-30448
60320
53816
78672
49878
-97246
-88085
67580
39241
-69705
-38670
83274
-13367
-10412
88893
92723
35556
97742
-26160
83541
17202
76394
-71544
-94671
43979
-66020
-67885
72567
-22488
-64169
49237
-27896
-42176
35807
5976
56507
-61093
31463
51276
11848
-67515
42692
-68787
-6075
-15223
-81764
13421
19516
64087
92795
-48045
23115
-88406
-32735
-20768
-85851
77641
-98601
-75625
38153
-20219
5232
-78990
-89651
-96382
12207
-57306
-68046
-23101
5494
-19308
-34860
-87012
68675
-19291
6763
-17841
-55673
-94777
74558
-43727
1092
32138
-68389
97381
-82724
-10935
61369
89657
-66853
-11741
40925
-43620
-47446
40883
37442
84194
75777
-63782
-76814
-96403
-26218
-44311
-70868
71193
-82332
87068
-70737
-30542
56988
-82463
-14573
-72776
-68423
84612
-5730
75578
-67236
-60269
68812
17660
79317
-82912
87999
-96979
13791
30931
-5840
-52847
-22051
-37241
58274
-82405
6031
21430
82081
-83827
-40619
84474
-45335
-12760
63780
-81097
74635
74481
8702
34486
9751
-59608
37097
45746
73342
62545
-26371
88319
-92990
23859
71878
-97874
10590
74007
-2213
-90235
53501
-50348
-43989
29254
-3332
-90580
-14795
-46262
3508
-91658
-51716
92059
61822
32323
-84971
1207
-31692
-88213
67155
25880
63111
81910
64875
3358
8968
-3421
-32462
-55195
-21837
35455
537
40223
-92555
3226
-43450
-41936
92963
-854
-16011
38628
85679
92140
-93740
72886
22369
79036
-34758
9362
-94704
8550
81601
7922
-40277
67527
-68362
8769
-47874
-65004
29260
6811
27434
-13544
-54491
37901
-83726
88044
1300
-72619
34212
11132
-89020
3318
-58142
-50863
8731
-29869
95046
-95877
-22429
22868
56556
-83563
51786
-2769
16647
57592
-46489
56191
83130
62241
-31969
3609
71087
-8304
-23334
34008
34382
-54610
-43574
58586
-66939
-75143
-1234
16915
-81012
-421
-30303
39572
-95524
-74301
91710
-12851
-63391
-97572
44236
4810
-57800
-38436
-32781
1461
-2690
-15517
-51175
-43362
-49463
94156
-6732
-93717
80420
17419
-6669
-13058
36398
-94173
-32122
20607
-41923
-9977
-10846
65721
6931
63813
-36769
-41452
50597
61031
-4427
40726
-27119
30643
-96193
-84866
-30803
34833
-6428
68329
678
-66987
7396
5085
96649
9114
51368
-47706
-32218
-67986
-98565
-59253
5596
45278
-97025
61713
92131
2759
74411
-34399
-3352
33617
65488
71439
24790
85750
-85425
-1528
-96021
-87338
55644
-31703
7561
14568
13527
26241
76679
68150
68220
42927
9032
15256
16787
-48463
18143
-48583
-38557
-89085
59181
-31912
-82712
31335
-56459
-26712
-93230
10510
72517
-58965
-7302
66127
301
-92090
76222
14235
57612
56133
-56828
-51461
-30264
-10641
-67946
-8569
-60730
52578
63834
-15171
-71546
-8726
-94418
-47616
9351
-16511
-90720
15074
66257
-66140
-82894
62217
-49646
-96756
83463
96762
-47095
31587
17248
66331
66562
62202
35625
81601
98357
43356
-36803
-79330
-14898
-87742
73785
-81715
77097
43567
3005
1839
-12367
-63375
-37332
91041
74171
-48182
7864
-23067
-51468
-44094
-55568
-14874
24829
-27670
-14227
-9062
4611
-64558
69256
9879
35217
91284
-244
-82308
-26396
88874
-48830
71729
59434
-15871
87608
45724
43044
85959
-1889
78442
-95018
35686
-1253
-60858
5713
-17847
8581
-4644
94631
-13411
64252
75467
-44640
13714
72096
-38889
6946
24328
7717
-7032
-59640
-72456
-45546
-29676
62503
-97136
80765
-13125
82098
50107
-89586
-80732
74170
-9503
-98026
55073
47321
83054
98069
-21148
-70349
76898
68025
92133
-89456
-24459
-65795
86863
-41381
-58721
81700
-12262
-68185
99817
-47613
28417
-68402
5682
67898
70100
37707
-36046
39624
65966
-37212
16662
-46275
-93295
74309
81383
99777
32300
89505
-9080
37421
73815
73802
-33099
-76347
-26607
-61291
56310
-4888
-10132
-62509
10798
-58994
97708
48105
10494
16361
27187
-37391
-94211
-36585
-58620
-84478
35995
14245
46320
-29679
10035
91715
69885
53240
-52701
91733
-8332
-65032
-77321
15241
-608
-69132
-818
-23164
-55378
53327
-79513
80517
-93590
-7517
13182
93522
80256
28730
77350
32263
52680
-28067
58619
-33427
26152
97085
-30469
56672
-64805
47850
56441
51053
48693
25930
-67840
-2828
-95948
-73630
-58701
23280
36089
47171
90796
63373
-58281
-15777
22118
-84086
-80556
-53978
66447
63577
-9432
-10348
91160
-81533
12721
51172
-9545
-46227
94204
-88438
108
73819
37770
-81379
45099
20047
-80255
-94298
-39634
73459
-58394
90817
-12867
31347
-79084
99004
-77232
50002
94004
-83545
-71229
-73684
-76387
-32852
-55015
7487
77921
49154
-23848
97262
-88623
-63067
62333
60563
50939
64588
-12271
-30462
-66790
-58835
-32459
-2471
-58314
-23860
-69769
-75166
-53999
-80683
-42071
-16791
90830
55615
8044
30618
66958
-73808
44189
-92523
24845
6360
7327
18135
-33240
63214
-17471
39013
-45381
57674
63858
15945
41260
38685
-65949
52876
17440
66382
63418
85696
-51422
-37876
-17541
34189
84061
10770
59893
39623
45336
-71433
61444
-3224
-65604
78325
33670
-29691
30489
73479
-49335
-52008
-45392
85934
-97507
84199
-97686
-62560
-28711
-19934
-57446
-18904
-15296
85072
28519
-1993
-82223
-23343
-95380
27252
-77786
14781
-26732
9692
-44916
75042
41151
53180
-55587
-41558
2110
-78579
-94571
47999
-24180
44179
77798
79674
77279
51746
68372
-28192
-93803
42314
67074
61860
49880
4691
-87604
-68434
-87554
55944
48070
60512
-81221
92968
-87283
-20371
-12774
20398
70032
-59455
-2528
-44594
53382
9055
-72541
-41955
14290
35116
-28026
-51884
91096
-98340
-17585
-63496
21316
-48047
98409
-62945
53492
-7888
43331
-80597
-55162
87176
87445
-34709
1801
-74062
-9551
10454
4532
-16952
-98650
16727
-27137
36535
-14058
-25218
41932
82243
67421
36485
-55068
-64026
9364
14882
-26583
-34438
-96639
43671
526
-89644
45738
-32197
-88400
31979
94147
-18950
-9199
-41967
-87585
6067
-15511
-75607
9516
74394
27605
67076
-50118
51426
-24945
-35080
-95111
-53088
23399
71290
84581
-30686
-85966
-55437
69130
9566
89447
95427
73035
-19103
39724
65363
-90469
-78029
28531
85538
-6817
28878
56296
-44167
62649
92202
-69383
-65221
42788
22172
-43420
-39241
44638
-72376
96342
16613
-68386
-89879
-41149
-84180
-84803
-7323
3855
-57500
-4920
-59774
18144
68892
-51616
-89364
45200
-54985
63993
-37145
63527
52934
-83600
-38305
-685
28137
-80043
64220
-85910
44236
-59593
27932
25710
-4639
-98584
29997
-70406
53881
-79913
1676
59081
8147
47033
77418
93573
6937
-12770
86119
-59943
-84402
-43725
86595
41617
60624
-65545
-7760
-70612
-52555
-35362
73833
15330
17017
77198
59478
-70787
-26531
-15416
-30528
-67922
-17551
-73824
5886
-30047
-91949
-88375
-63642
41303
84624
68785
-8399
-37036
-41770
-42262
25646
5450
55404
-9093
90761
30208
-80276
-93708
41217
31224
83172
-18046
34050
85690
42869
-95002
66182
48274
40050
-55517
-1160
94225
22588
46390
36597
75885
-28138
99229
72008
52244
-85423
85089
-77169
-41014
7557
-55931
-33811
95643
52904
-54162
32440
-49745
94112
-26363
-8565
74513
-43268
-78246
80467
21256
-5791
-59776
-80778
-84707
15098
98523
8578
-21327
-17194
-38181
-52629
-47095
-50798
87278
-34935
7779
81762
2761
-86989
45906
-25182
50398
47126
-2530
-71432
-18701
96429
37556
53781
65149
-36192
-31244
51425
-62835
-45451
18157
-78874
53714
66913
-73793
6826
-725
44340
66048
11858
78900
-59650
9236
-95585
-56139
51389
-57671
73523
49153
18643
46577
-57076
99730
-51822
26435
26912
-2386
-8012
36173
25446
8846
91653
11897
-25199
-51965
-87853
29010
91251
16249
-13059
71176
42940
29043
-61560
-345
-18232
33642
43522
-76824
-79329
-63006
88681
6665
-40133
-9262
70154
-96310
63326
88613
8407
34133
23023
69929
40853
68577
-92698
-29707
-25928
-51505
29763
14847
-59340
69737
98695
57167
81954
55346
-87345
-63136
-1375
-3457
8029
88698
-10889
-89604
-36985
41715
90455
-93212
14564
45810
39618
-54584
31324
81294
-22832
68791
41395
-46412
-12721
76372
-55122
-68195
-27489
-62545
97647
82365
-52906
22235
-86837
-38259
67591
99948
-20253
87469
-14923
-68721
-6425
-53362
-93624
9570
-63806
-93919
-41986
61348
94636
83305
-99723
80380
-4909
57900
91943
7038
-12102
-48961
-79293
24908
-65198
-69375
-870
-96027
-81510
24408
32884
-89191
59054
12630
-33137
27733
81743
-65317
-55268
66291
71832
-37932
41689
69591
33221
-40159
1302
-83117
-88991
-61635
-67765
-40004
10534
8263
35244
-16883
-60704
-89428
29250
61075
16700
-21507
68687
73502
37800
40876
65769
7830
72402
-71848
39653
9725
-65388
-90108
97274
-99220
55530
-50416
31474
68430
59282
36609
42851
-40660
65545
-92279
-48537
-21261
-69614
2156
-53013
28650
-87125
-55522
59922
-4750
72407
-38102
82807
-47093
21451
75116
36219
47677
-43671
18149
34954
-41984
22490
-91524
-71607
96059
10735
45104
36137
17119
-95397
-22907
-46625
14105
-91117
-12443
-73732
8534
-25890
86299
-81854
-91871
-92697
-21001
-16161
-59273
70840
-63282
-50746
63245
-68506
-45741
-42962
-13071
1729
-71200
-68370
89151
45759
14540
-50457
26811
-80634
46666
2902
43949
15146
90048
88727
11246
90883
61610
-48114
51940
63092
-43666
-43311
51192
-43468
-33011
63556
71564
-69495
-57930
19059
48683
14986
-87990
-18486
57416
-94970
-79259
-72039
83780
10497
-29686
53705
56560
16773
-14610
78036
-86162
15026
-90471
-55767
65783
-44710
-4247
63149
-37041
-66624
91245
51193
-44926
44104
-89786
-50926
-80981
-1476
-18337
-53509
27046
-11190
38789
-58895
-40204
-39110
-5649
-33370
60396
-4349
-5586
-97312
-16618
-64856
-50235
28879
86258
-28649
-63591
-52924
82110
-90216
9729
-61699
30593
38607
-82264
-67568
32494
-7471
-27964
-37697
-5667
52398
48110
45654
83674
62105
-30760
98091
-55804
-20255
57295
-51693
-79737
-73552
-24497
22464
57014
90147
-50532
-12718
94407
-93213
-22360
21075
-34507
43031
-83087
25636
77372
-98179
-9050
67729
-90653
-18638
-74493
89195
-8868
-99447
24106
75625
-7429
-52848
61775
-8540
33030
37945
95780
80730
-42931
24623
22022
42489
798
10375
-45309
29878
86014
58659
-87408
-97329
23543
-72294
-7394
96177
-11791
2173
77195
39155
91396
-62517
35980
-38336
86427
56089
-87670
-78636
63470
-83980
-24164
48300
-589
53921
-6465
41128
43155
-20124
31537
-87445
-79212
5931
13759
-57203
49490
-32568
4713
-73677
-83697
-8358
-48426
8459
50273
72533
60375
19125
75102
-9584
-98123
-5711
43177
73401
-60079
22447
53312
-61294
27491
74153
12982
-88266
-66327
13840
5090
21150
73909
98382
-76435
3999
29813
-89761
92397
51713
-74034
-92184
26802
60766
-98124
-56572
-75932
8106
21201
76315
-63309
58997
-966
25701
-76092
76551
97453
-12651
-35271
699
-32431
-23315
53326
7868
19612
-58907
27991
-8211
-84345
-77773
60110
74208
-91545
-37613
-9708
6975
-25261
24704
92222
-10880
53806
-60647
88748
8203
-42535
62271
-33909
-84700
99154
92335
-75205
76842
32389
-23464
3683
-67314
-6291
7297
-34251
-86894
-11574
98610
-42358
-54766
-22019
-51297
-20407
31254
32959
89507
91178
87816
-50263
56548
-61897
53522
-94103
-53677
8227
-13155
-63114
20364
-70775
60014
75624
8393
-61443
54204
64830
-42023
57844
80880
-41076
-58260
63807
265
33299
-12147
-65992
-97170
390
26788
-29146
-27556
-11329
-8316
-80990
99729
-8683
-52003
-7849
18050
-25566
-77431
37344
80463
90715
21248
9246
2290
71134
11524
52594
14593
66935
-87599
-59853
-43463
14837
570
98456
-28028
91652
-31814
-66744
33885
47878
90123
85959
-80111
-31552
23096
-12905
-14826
-58751
-73917
-13647
-30926
22681
-76148
-18044
-27067
-1877
-14514
-61426
-7899
95045
-28325
-59548
-74868
22838
-78840
-7062
14831
-97426
-99178
-75582
57547
-45346
74281
-23208
-70987
-18508
21343
-34793
98482
17033
-56366
-35199
-2665
56687
-1517
19065
-45068
-78660
31727
-9817
-68660
-81235
-97863
1285
-34771
-75865
54281
47447
96000
-76645
96939
92705
-16039
-91779
-68060
99852
69311
-10744
41158
42288
-86627
-55609
97402
-72705
47774
31178
67354
102
7842
-49926
-66278
-2709
-67216
49165
91385
-40489
58679
-42141
-28649
-99514
16325
18022
-88694
-56856
-29936
-78069
33281
37046
68687
78263
-87020
33941
-47976
-26913
-10205
-64693
-85885
-75363
-43990
-47953
79583
-83656
58021
20373
17323
1117
-6700
36112
-34778
-69778
53167
-3997
-70478
12432
87586
53933
-15847
27274
-44134
-82915
-90024
-6421
60214
-55383
4181
16577
-27898
36077
95802
63205
56231
76075
75736
93430
-38144
18000
19761
89312
70537
-51841
-2538
1135
52984
23671
-89796
89841
98203
54075
-33786
30047
13881
6412
-11953
-79101
36255
61376
58765
59088
58931
77173
-96550
-49200
69994
3491
13796
23389
98950
48258
78302
-48586
30980
34518
79711
-9626
69161
46819
51815
-62307
-76620
89958
-82340
-16857
-91799
14960
-29961
88283
58405
30640
14788
69239
-23542
-67127
-9301
53637
-16114
-71978
-91288
-28273
-85472
35041
-58217
5731
-62309
54748
65611
77414
64077
-86695
84387
-13854
81015
-53570
16971
92344
-86288
40571
-20067
53698
-55806
-18198
-22658
-85330
-11921
56018
42697
-69560
-87282
71200
69465
29193
-68857
-80913
-20942
3264
52689
67406
24493
-6202
-98434
-44586
48051
-43607
-77072
5118
-62331
54004
23207
12845
59020
-52653
43606
-31934
-40438
-5520
-95401
5011
-18546
-2823
78908
-78593
33679
-46687
-89587
49045
44866
-6121
81173
-75423
45077
-80104
43845
-40977
-70971
33500
559
-85497
7746
-9349
-51370
56796
38412
-60891
-77742
-94488
72894
12697
-46793
73559
26242
49753
55344
-46162
37396
21090
52095
-39645
52576
31196
49028
94043
-85902
6222
-34286
64389
64975
20181
-22942
-47435
12022
-51638
-9507
-19214
77326
-53883
97058
-55806
67266
-77711
-7772
-3036
-8580
-14551
-57928
-54423
-34723
-23064
-51886
-40340
-50898
37939
28372
59134
-66180
49485
95748
82671
-38157
-19521
43146
4391
-21281
61527
-89845
-79108
-87202
-11128
10195
67606
-9282
36923
-52733
25154
-49069
-28337
43436
-87478
80767
18180
-90711
87869
-92035
-81944
65796
13895
9739
83640
9021
-59484
31084
-54772
64384
85796
-21247
66418
89009
-60275
93652
57370
1257
-48815
26241
-82946
-40506
-57375
-43578
54027
62529
13034
-21566
-14769
31162
-87465
-83142
97497
44977
-62289
42394
81207
65118
26667
-97889
-23580
36135
-81157
-66853
-50898
-87047
-14411
-93499
13658
-44207
-63407
-65497
33343
-5430
43490
-80509
95425
-37013
-66723
58308
-20831
62159
-56664
-73313
-97292
96532
55725
39554
-45951
88575
62062
54027
-66970
32064
-81504
-35011
-28594
-92235
2532
60560
-70540
-11151
-79804
75476
-13838
24665
30383
82408
-76647
-58144
12058
-25324
-59670
30243
37152
-10913
85274
-69847
3291
93922
39269
-17879
-39284
74604
-15871
67237
-11212
-1669
62883
-61163
-10413
32413
-19615
36512
30940
13675
64071
22776
46450
-29258
-47645
-73220
40432
12464
-55889
26787
31109
48574
-62591
-99359
43956
81642
-62568
25196
-25989
44723
-32456
-25866
70914
17199
43606
-13043
-55508
73449
-16667
83012
-97377
-99629
-7954
58190
67038
93385
46713
48875
1452
-53611
-86602
-47260
-31364
-17255
-34439
-53294
-15032
-49880
97553
-38529
97799
91228
47861
-33067
4452
-34011
-70021
52565
41355
54382
96270
22976
-8274
-88248
94098
43889
33903
74114
-77303
19875
-97680
-69082
-4681
-56103
40069
-42523
-56693
-59993
-4473
-31096
-80550
55015
3405
58368
-46534
1139
50464
-25721
39907
25416
-55395
15582
17763
-25819
-87648
40581
-84114
-15727
18916
94848
-33862
52890
-14990
-83844
65888
-1709
-98954
-42924
57520
91894
6312
-44251
69049
14001
23562
92310
-46105
69683
-51989
-67253
69639
58285
16671
30275
37821
33553
-24122
43238
46909
-94400
-29242
-25038
-97732
18405
81846
27916
-26574
-16246
-83034
-64496
-16688
-57082
-48854
29446
49788
72366
33350
74243
-44738
50616
42055
73418
31128
56866
-61511
32333
-76052
-44638
-30612
92703
27911
29111
-9878
-73897
63792
-44838
77313
-30201
-6981
-40467
33285
31106
-16763
-49242
-27659
-22200
32947
64774
-46289
-84230
-17248
65941
67306
34579
78217
44999
2582
31517
47364
92851
85923
-79159
83572
56587
76002
-71541
-87615
-99432
86172
32635
-1874
-8264
-54560
96132
-32545
-66193
60761
1245
47710
-45389
7812
-59818
-90552
-25080
-53884
-92771
-15842
-56450
44888
12129
95735
-7622
-62197
-68955
-26136
-98770
74655
75398
-76124
63779
20585
-2491
74342
-40853
-31827
-94069
-46423
-31042
63041
91083
87892
-65341
-69031
-20691
70636
63437
12781
-3288
-39539
92507
25541
-19850
56905
-89109
7353
65721
5345
79547
-1557
-59552
53628
-35126
56085
-19166
80721
91244
-3244
79272
9184
59200
34844
-90196
-24134
-96903
32127
7164
-55571
49219
-27290
-41121
57286
-99302
-16042
88461
10018
-98741
-42448
76830
8436
11291
83856
79747
3715
-42336
-15418
-9519
-4507
77899
-703
45612
-46354
76107
92580
80845
6402
-29324
97806
-78421
-24741
-30195
-21456
-94112
-65162
-17342
-66378
49657
35465
74030
-35045
82031
-65143
61014
-24432
65642
55568
8269
-56228
-49766
83309
81119
65795
-72940
67700
84056
-32258
-97024
-75843
-54734
-34083
648
97799
-18975
36941
-3624
91151
90058
43091
-81160
-64426
29493
42521
-57761
41384
-30332
-16912
-51025
11945
-65393
51029
-8006
-64758
-77380
-35794
-10360
71826
-70113
65972
92826
25985
-80249
84155
-53758
-43299
-9638
95169
8374
-69130
-48664
-96343
-52214
76771
6351
-95020
-26082
76184
44114
57706
72688
-86388
-69716
-15404
-73831
-81945
-21165
-39304
48603
-6682
79041
-91567
81962
81513
33274
49312
-87844
99898
689
-58638
-98852
-94809
-12791
-26815
1330
39364
-22130
51233
-56929
-72592
-84188
58012
3191
-16314
-35720
29524
-73334
-54378
-38588
6964
7012
72372
68996
26630
-18011
59853
-49506
59589
-7647
97698
4794
56237
19757
-32798
427
-27819
-88879
49218
90744
53912
64531
-48102
73482
-76741
64756
86173
3392
-78135
-1982
5594
-60142
-96015
90386
-27796
-26055
-46903
79958
-74639
46694
85620
35778
25351
-1304
-9565
-41819
29355
-45530
-8478
16433
-23000
90355
-1501
-88906
78479
11732
-30948
38787
40252
-51310
56383
85366
84981
-85274
30346
50468
-55885
15793
-42150
32860
-88112
82750
-77967
-55393
2869
62846
-1867
-78953
-98566
-43774
11295
12810
-59388
92288
-29238
53700
-98183
-87315
16656
-84715
26894
-11035
-98605
-33850
-11770
-33646
47811
42806
-89800
89275
52381
-9518
-30645
-82096
-97158
-68016
67716
65430
51525
25665
54145
16374
63728
-42412
84688
-12505
-34605
45746
6319
29575
-79854
-86243
72424
80273
-21989
-42496
26017
-21244
-87749
17099
8058
52881
9329
-70523
82093
3137
-93687
-91189
-34385
-26843
-79851
55001
53802
11407
31191
24637
89329
-80714
-30900
99236
83971
3182
-2029
-43679
85472
7330
30537
64894
96402
60803
-40729
-94152
-38139
24276
85830
-69398
12124
62371
52235
-63187
-40765
94515
15573
21944
81308
8625
73338
30123
-79355
67042
82030
-43429
-55585
-47181
-36502
-4965
29716
54427
12157
-46694
-12657
84959
71606
92465
86688
61885
95886
36117
-77322
55367
50751
-46082
25982
11932
93554
50178
-7508
77267
-60422
-22401
27475
-38994
-74467
72282
-4890
-58984
-32044
77547
30419
-47377
71185
38685
37975
-87242
-30014
53775
-36551
-25673
-31165
-68199
-13118
-80647
79839
6140
-47331
14464
89488
51822
-68412
34179
-92017
-69158
-83208
-59392
56115
-2076
85527
-36409
73917
-5286
48726
7107
79334
-80717
-93956
-69132
33568
-80634
-56538
62642
-22828
39158
-48771
83257
80610
-37276
57023
-97135
74928
44022
13081
-50628
-7231
-70313
-93448
36604
-37601
80471
-8673
-69280
-94184
95474
42994
-47383
38963
19049
-22951
46916
-45490
16589
47936
15994
-55605
-10846
-57460
41081
82565
-5979
98882
71426
-89590
37996
-7227
16740
-42959
-35049
-63238
-54592
34329
97633
58625
-68479
-66987
16659
-80832
-79552
-71692
-97033
47910
67167
73692
-83702
-39886
-99755
89098
-19545
48378
-80075
92247
-62394
-52393
27282
-16181
89421
-79551
12372
-33625
40244
-23470
77005
-49255
59229
-94604
-63147
-82352
-22989
42183
39592
-29350
-84692
-42790
-44349
15820
-13201
86300
-89355
42756
-41171
-23001
-86412
50620
41053
-77240
-39661
71414
68297
74401
16828
32224
-24060
-81848
-83346
5303
88047
90531
79882
-11761
-65294
-24196
-12952
-26617
-75137
20612
4161
-36238
-65820
42371
33878
56323
76800
-69174
3824
83733
-89134
70899
-2757
-14279
43669
98771
13216
76446
-92467
18794
-9750
97891
88999
37977
-66321
6015
33517
-44551
94606
-11121
3961
-39639
-74098
94970
-92729
-29979
72777
-96394
43676
77195
-37191
2115
51278
-40731
56565
98819
40980
-18732
22382
-51925
42609
59341
-45118
-31438
96541
-2080
-33304
-20212
44119
-13822
45423
31743
20145
58632
67366
52486
14512
98062
-12524
71168
-6907
19413
28603
-2047
-44740
-20919
70631
89318
78266
-41571
-72110
56319
3917
4045
99732
53239
-48111
-34447
-93359
-31915
32023
54175
57085
-88857
-83138
-23387
-49108
32518
-63072
-16865
-42065
-59168
58171
42172
69053
-76996
-9061
6257
81452
59917
-42744
30279
57778
78778
73291
-44022
-8080
74144
-59770
-62245
-92801
87805
23590
-87715
-58680
18126
87508
5275
-67578
6810
53390
-63982
-80410
-64574
-16306
97327
-37130
45133
96683
-66737
-52599
2785
-7038
-44816
-55009
-15512
91862
33435
91518
13458
-34662
-83301
74844
32040
4737
-74323
-9592
-44461
-50864
16542
34916
-49990
77023
87079
23899
-90310
-43476
-44223
42081
3227
31108
-64738
7035
-31164
-7029
52522
79856
27278
-13018
92403
80691
14847
87904
35664
-25056
91609
-56995
-90025
-69566
-87971
99763
-88550
18405
70186
-33117
63852
96945
37768
42006
32924
44949
-41243
13218
-67298
-84926
18308
40746
-6792
5824
-91545
70490
-23570
-93302
-76609
-67978
-70288
87377
53846
19525
-72156
-83391
-62268
49454
-82890
-30819
-73493
-37171
47091
39870
35369
22896
-11200
72430
22120
46251
40629
40249
-90740
-65212
24319
28095
-41970
45897
-41350
17385
-96941
-97105
99476
39311
-15741
-95143
-40954
52740
46654
-23147
-52184
-42672
54157
98744
33300
97464
40879
-79403
-36345
-41072
3134
69152
-26859
58549
61511
28142
-34442
33716
-67375
3720
42527
-15116
-82226
-93158
55741
-72750
-42472
98343
98383
46792
-30828
4381
9493
23676
54450
17993
78837
-64024
3635
30604
-71329
-18779
77189
-9037
42705
-62043
-12004
99328
77809
-44142
93314
-45687
59077
5126
-1496
38136
48926
-58707
-73082
28931
-12230
89015
-20577
-54224
-62949
-95574
69586
85938
51175
-25059
-25018
-66249
-14061
-98705
68963
-79419
-63370
84842
-41568
-37964
-83317
8318
59267
28141
50549
-55072
87241
54301
22363
-76884
35366
71360
-64369
44971
96300
74896
85850
-1864
-47409
-41149
-21732
4441
7408
1850
-87312
-51441
30566
-34
-62084
75237
-91604
47305
-86708
81543
84062
70825
-39908
279
96014
77234
13415
77640
-96364
-37487
-37418
21854
61196
34371
-16831
22152
-79857
-110
24834
42266
15766
63512
39685
-26335
54444
-69031
-15169
-97868
-25740
84305
35859
97120
-37810
-78860
-96015
39881
-59750
-53621
80378
-8224
3017
32305
-22398
-42321
11265
12836
75325
-65757
95199
-26136
96032
-36001
-88368
66224
-86861
-6986
-30812
73069
73394
-60615
-29441
38180
-7272
93231
-31604
-13457
36034
47622
68393
-83350
17738
-70807
73855
71059
76848
32718
26831
62298
22648
95978
-84898
20129
-46050
11442
24511
43366
-28104
-1025
31861
-48137
-49488
-15647
50428
-62780
-70276
63962
96313
63455
27172
-91529
47419
51998
-84401
-58455
-99466
-81584
-80431
-62131
23926
-8653
54956
-83959
8342
40419
4265
-60255
30681
-4308
-69600
43493
983
66689
-24823
-76895
-37443
-3258
43017
4339
66103
24553
-42365
26250
21668
-76485
-21668
65345
-22751
-10458
2353
80226
66558
83967
-70999
7501
-7485
-35526
-91347
-77822
-7166
80468
-7400
73936
83432
-68185
50207
44117
-84976
57011
48122
52226
30441
2723
14024
2227
30619
-64775
22243
-15988
-65354
-94146
-39252
-93569
-41053
7608
47826
91615
70553
-56037
-10157
-58814
97093
-66507
65147
-72543
79858
21205
-49327
-29576
-3861
30656
-37000
9196
-22446
-93818
-5240
-97418
-81483
16631
30642
98582
-34374
6816
21047
61324
-9224
30939
82022
97588
-70126
-87229
-72000
80848
84001
93517
53983
41559
-71956
-51966
79002
-63073
-81583
-54152
-92207
-91702
34629
31272
6768
72323
61452
15812
35110
6510
-83803
94227
825
4790
-51967
-69470
-19808
-70673
-1888
47962
-77413
31533
-7921
-88781
-88004
93724
-25063
-76204
-21621
93416
27209
5082
-84330
-35425
36810
-96046
45350
-18487
-21286
6966
77497
-54004
58750
39756
42672
71139
-24886
-4321
-37886
-89834
36641
35312
-10882
79591
-57319
92098
-64951
-64846
-72688
-86005
-86692
17205
-61510
-75201
-69266
-33851
22561
-3113
20163
-52217
-14474
-51719
-49088
-14825
-72989
29824
-15180
-72102
52467
46158
-8383
96761
-35597
77573
19599
61488
87025
-100000
89518
55233
-21723
-77381
69565
631
85428
10383
38764
28670
-29145
13099
76385
-58113
-89439
-43276
44306
49341
-47522
89578
-15649
-88428
-27123
22330
-93151
63977
-38507
-40648
71123
27799
38429
-89711
-90264
-21883
-8809
36580
-89995
12289
63526
43745
22202
92976
17234
-9951
-71869
95264
-75022
-43989
-99508
54854
86576
26363
-97755
55125
52934
17563
-89849
-68584
-9610
-61603
22333
-77580
74521
-4682
-30574
82866
-17440
66576
44261
91017
-8061
-72814
22197
-27224
35687
-7553
-91344
59759
-26799
83988
13101
-64973
-44798
-66319
78289
60395
-50611
67593
39532
26814
-35785
-78137
-31705
-36111
4739
71788
-88884
69776
43725
37271
76138
64897
-91259
-95717
-30899
63005
-86393
-96802
7382
45475
63412
61440
56013
-55050
-61542
96454
93223
10493
23053
17822
-56281
-8045
-99768
15664
14990
-72898
37492
81101
-46961
62242
86709
47171
21317
3798
62796
9124
-47093
-15489
-70909
9942
19487
-6287
32342
-41177
-29018
58040
-77537
-27000
5281
46383
90650
51047
-19972
-91208
71451
78567
25501
91967
89646
-76419
23600
93935
-89850
-8537
-28479
-88969
-54805
-10252
-11629
-91536
7652
-30784
71996
72922
-13703
-44038
62162
41674
-34837
-16815
-89731
-52022
-43039
5858
-59494
89754
-10678
37456
12896
-54777
61688
-75342
27378
-85058
90844
94386
31289
-48514
-49720
69984
85581
-55061
-83911
-86441
39265
-15229
-60563
53306
-7223
23279
-86529
-40957
37263
-4353
1942
88125
-58795
32436
40188
40720
-5141
-14713
-81277
-95542
-11876
-27197
46978
-39683
50357
94219
-81062
15824
6523
26690
40501
-6658
-38264
-14798
-94044
43792
44360
-55709
71406
-56235
37990
16893
-97726
83254
16075
-45917
-97750
22498
32663
-5943
64711
-66659
86254
-22616
-57258
61246
-13545
68556
92137
6737
-20202
-19535
25531
8699
56861
-74697
2847
-77936
64356
-34680
-64872
15173
-85312
-86115
-75055
79303
59484
85545
6505
16733
-3494
5442
65891
67413
89777
28707
62537
25770
71584
-54814
96831
-84571
-33418
-83952
6577
-22116
-59774
47382
-26383
13679
33129
-81962
-3894
-80780
58178
-74173
-49319
64755
-54813
29085
67249
97424
-87378
1545
-46429
46269
-43214
-53785
10846
-77817
79161
52285
-16132
78241
65242
-55734
-67429
5557
97689
-40368
-74523
-57842
51032
-13098
14358
-6698
-68558
54703
-13024
-21682
-87167
23690
-56810
11604
54208
-47536
-67710
26230
-67938
34853
-61852
-20286
-3585
-5827
-68840
-96923
54230
49818
86654
8891
15548
16383
-95323
-46827
61326
34840
14183
-43200
-11442
28474
-54175
59577
1925
35583
-61960
46252
42156
79508
-70976
-35919
-89874
97854
-41227
-14278
51581
-38032
21779
-1014
-62837
47096
-22823
36635
-26666
-19204
41363
-1065
17500
64726
-16625
17395
-53356
43295
32769
-59020
41050
-14455
85098
31654
-69024
24228
48316
28761
25006
-69403
-16558
81335
52831
20382
10881
-27606
82134
-92531
71376
42942
-48819
-98286
44807
-58887
-15290
-85547
-87279
-48560
38825
-7263
62459
-98983
-3466
90438
81258
-79554
-56369
68740
-69786
-46701
15326
19138
7514
59136
-52340
13666
559
57599
58173
69773
35876
-84574
87160
36791
44603
-23696
-16924
30818
3017
18125
-40946
55704
6030
41248
-34341
80865
-60379
-78654
-19219
-91790
63510
18122
-52814
-37248
-26901
68959
99351
46448
-73149
22498
-11525
87797
33076
80852
6300
15138
-86943
57240
96291
-67504
11498
-34791
-69362
7334
-95044
-95158
-21638
59680
1236
60734
56873
-31333
-76167
84740
-21966
54688
27421
20417
70783
68470
-76706
39953
69
48422
-54142
9767
50202
-52752
30541
24183
-99729
90668
43980
30812
-85711
-65985
-28955
-75590
70399
-57268
41134
27808
-53194
-49975
9824
-52792
1330
21815
-18922
46931
26906
53414
95183
-5801
-3524
80924
-59615
29859
93814
-43555
70226
-72758
-53475
32865
7850
-78124
96738
-40509
17367
72985
34983
6459
-44107
84069
-63542
72214
65626
91486
-65424
-34522
66283
-8386
-61143
-80068
-28985
57236
62114
-75855
92477
30589
-29286
64300
52187
-65537
80755
-22696
45761
-78564
70017
-1554
-44701
-89305
20278
-75303
-53616
-30495
-15451
-68929
4354
-91854
-41452
90580
-23506
-18417
-75435
-4518
31960
51571
93353
-39697
-16497
79206
64495
-22382
56170
92200
-5405
36945
77564
-446
-51741
-5592
-52353
90992
-39653
23133
618
-3855
93414
78538
18736
81563
22536
7702
-74047
-91004
75975
-28890
58070
-52795
-50993
13318
-20926
56877
55844
-97617
-59507
6135
-42243
77781
7025
-50266
21694
95643
91977
63461
-71248
92354
77530
-19764
85609
-95691
71759
-72484
-55758
-36692
-85368
-75506
95027
24429
-2337
39285
11323
57485
79258
-41392
-45362
-25949
-71222
48033
-22451
38152
4291
-42804
-69540
-20760
34410
93882
-73092
-56210
-95728
50182
-2532
76061
-22250
-4955
84088
-72137
25335
-2076
29386
44515
31975
9186
74871
-9361
-12510
-8133
41246
49286
93288
-47386
-47180
-54383
-52443
-92242
-29799
1713
-75586
36966
-63994
10979
2721
-9729
-71618
14679
90686
22298
-13012
69173
-60149
47678
77324
-78583
72144
51194
85255
-15253
8396
2984
-46658
-20076
-36889
58647
22453
-40571
98772
80810
89944
76731
-38732
-10667
51742
-37499
54439
93145
-46168
-16013
90485
39067
-50961
28856
-19145
-39622
43409
-37218
-29603
-76729
-39513
28003
78721
-64381
-28048
-17654
-38823
-3749
-28341
-90596
-34440
-16061
-37267
-23309
-61730
-81835
92645
-18074
20829
7618
44341
29939
-51349
-60919
80684
-90483
59403
39617
67201
53631
65806
-92567
39940
94359
-26844
-88250
61768
-2408
-72863
-42815
-6814
23070
-82317
40875
41806
94766
5035
49974
-81525
-13647
-87503
63697
80797
-23062
48663
44380
10276
64954
24535
67495
-46479
-67577
-94983
64007
46027
-3742
-54587
23837
-95533
63794
25998
-22751
27456
-75499
-41068
-29640
88630
-53216
-77185
-8536
-80406
11217
-96808
-90603
-23631
17915
-6859
34884
67712
37495
47995
-65344
32065
-18812
-72011
20116
-44313
96061
84575
-95388
-69706
63674
4032
80959
28198
-87823
8106
65168
65117
10497
86327
982
-36598
29634
-56472
92455
80115
-45244
-67544
-48408
-95650
-41952
-14782
-8066
-86807
-27409
1926
37063
94890
86334
-32042
-89561
-92327
-59230
-19010
-96210
-33163
-47971
-59599
48537
46518
-5877
-45608
48019
92756
-91673
92081
55960
-19829
28660
49000
-13654
-97435
-48577
2803
82578
6005
-11418
29680
-83257
61829
-14920
8599
42515
33198
80394
-2588
69178
-40066
80529
52269
72142
80847
88416
-15866
12381
-8482
40531
-40300
59947
71333
28786
12857
-25077
35847
83819
92614
-13015
9106
-67285
-86661
6715
21718
18884
96835
-63666
70139
52328
-73525
-20947
85221
-35029
-86820
79730
-52601
57096
-28321
-47476
41141
67763
-67823
-54089
202
62480
60625
77665
-14951
-70803
-57936
-98748
21934
-67033
-37463
20766
53648
28698
54117
-68471
-29694
23417
-75994
2860
48754
59107
64624
-69541
55119
-15221
-90328
38144
-87046
-29674
30782
71403
-30539
27257
18751
80713
-11248
93196
84127
-62893
-8093
92888
7982
-5677
97833
25597
-50792
-46793
77066
68780
63833
4714
56740
23003
15498
1660
76212
-35978
54684
87025
-24981
-3115
52658
69526
96796
66398
-63
-56015
93464
-77443
35982
15932
66475
-38680
35884
-68026
77196
-42938
50315
-60194
59893
70858
29894
53540
48627
-15403
14987
-26019
-50305
-61163
47015
46787
-17577
-56672
-94965
-89296
-23932
63682
-9995
-26203
-79190
-2803
59891
32959
-53106
-37759
-72497
62070
-87377
-12869
77911
51559
23373
-31085
-61681
366
70489
40019
9996
-49102
3193
97498
-78525
39941
14678
15163
31414
-29395
8884
91836
38282
19197
-97035
-95143
12911
90066
15492
66260
56111
82604
-70558
-64884
3058
-34578
-83141
-52570
-42085
-94937
-77499
-60383
-67812
-11441
13885
-40420
52108
58081
-90919
27954
78457
38565
64099
25044
58049
-53937
-32589
-91997
-67694
-74172
26024
4829
-68242
-85347
-29187
39334
-83117
88410
6204
38941
-87857
-16445
97622
84059
-55509
-20400
-4276
16122
-86998
-88403
-99434
95071
81169
91356
12829
42776
52978
-13198
3415
5107
-24190
-12427
48323
44435
-35223
53409
-2135
-18130
-99406
-86019
-44842
-17014
-45953
-65909
16035
694
67364
61886
-86177
84026
-28549
-73793
-20199
79377
-20126
398
-56174
9650
-16827
89031
-18543
48356
33083
-2315
17871
-37940
-47252
95301
-62338
60251
42347
-33847
13527
-2091
-92085
-90939
-48757
86455
-69272
52545
15908
-70907
76044
-85233
40938
-69968
31932
-35697
-78227
-77191
-15177
28549
-87712
81859
-6383
87768
60535
-1565
90037
9937
72891
-63169
89245
-16108
5935
-13053
-22223
54009
-6142
67613
2692
-10863
84900
93170
65254
4947
63595
-88738
15157
-87072
-44777
90061
68923
91146
-54672
60751
-15178
38341
41501
21770
-53781
39116
-63375
29942
58804
58943
-20588
-43114
-34018
51477
12645
-6535
8931
11482
58748
55209
-70864
79375
-93903
-35245
-81017
53183
-4514
99770
17482
-51753
-50406
34910
-17281
75169
99298
-14670
79028
-83357
94977
-91457
63547
96663
-42552
-82660
19018
-22185
42965
17067
-77328
56317
-10376
-27876
12095
93895
51836
-91611
68358
-78902
38981
64382
27469
42205
33680
74577
85369
73541
-57135
16917
30359
44560
-61681
-84830
-30879
-17777
74062
-92678
41325
60113
-37632
669
-20820
-47418
-35402
-38434
-61138
48693
-74520
-80442
51659
40392
-63577
71503
28772
27887
95700
35106
42243
70182
12178
53513
81827
-23610
27556
66931
17414
5857
-91726
-60634
-10486
75155
-80458
4493
18365
-87446
-79802
-12313
3406
-27042
11004
-48539
-47056
-8216
-58533
-77762
31079
-14610
-62215
73757
-53477
5661
-21442
-57206
-35895
-41065
84523
60056
42057
-82826
25686
-96732
-2207
35346
99314
86883
40230
-68099
-54397
22991
21600
45345
-52945
-16191
75386
-35774
-65919
-90223
-75350
59615
-65273
8777
-32138
82670
-84538
-5083
37768
20880
-14630
23190
32054
98763
288
-75223
-71590
-45059
-50331
-97947
-57949
-32533
-91064
6471
-121
9842
-25212
68846
78704
-61218
-37250
5250
10133
-47658
-7354
-92081
6376
-16403
-54952
-7790
22985
79773
55284
1758
42309
93043
90546
-47170
-73062
-53607
-84855
-82181
-22078
-58821
87849
-56283
65292
-39655
66557
-80173
-60075
-28147
-96431
-67233
74909
59153
61140
81169
35028
83209
-34762
9390
37349
75188
-42096
17021
-85458
-58122
-38267
-9004
81414
-88254
75051
33344
30441
56304
-63522
-19756
95111
47230
38914
10544
85847
57567
-41687
61174
-20786
75420
-40489
47900
83815
7944
-62176
82389
95426
41493
-59791
-3160
-3421
40844
-58603
46830
10577
23954
67703
-43781
38465
53305
65177
-54379
42762
24117
-63183
-29458
31379
-97467
-27942
-94781
46962
35886
-84743
-99898
-87233
-44876
59377
18880
14871
42419
-57723
-72234
86213
33752
-58970
-54359
-52078
-18021
71864
-78451
90534
31539
-12631
32276
-3880
26718
76337
39504
-41434
-53219
56003
9892
30658
-29770
-97956
-38516
96825
49738
-37826
22447
12603
-88866
88936
-74490
-76475
87929
68052
92901
-86633
9368
37659
-37402
96475
-93841
-53070
-52840
2544
11341
86529
45508
7971
-45717
70130
61910
19546
-71219
69605
-55334
63802
-16718
-49595
36359
61289
953
15696
65635
-70957
-14395
-50171
-55222
21713
39050
-6034
99086
-54130
-54449
-81018
-74962
41781
7072
46957
-43418
97831
77049
-61263
-1827
48966
53073
92420
-77721
97945
58186
64179
95711
68389
-18628
-72233
-32487
-21373
22341
37745
46974
-88110
-60021
-59299
87696
-36016
40907
5859
49116
-36806
-12733
63013
47223
-55476
277
26207
41031
77866
86938
51691
-91143
-737
-60602
40769
74861
12394
-73662
-95384
-4838
80836
-1821
62525
-6859
-68268
5995
-92554
-97297
56493
21591
18269
-16371
8221
-80456
-68378
51124
77358
45794
-31986
-59790
-77730
-5819
-95191
-91542
-38665
7177
56655
30690
-74276
-95071
79688
9728
69939
56159
-59897
-70901
95681
-78910
-46897
95702
89605
95667
34793
-14186
-8921
93591
8312
88221
87611
66018
74191
-40751
27632
15729
-27386
71020
-4218
1496
75229
93403
-17122
-53368
65139
-8119
23716
43340
1624
52471
62544
43196
-90728
88630
7356
31430
-63814
20534
-21590
-1512
37107
26134
-91547
6527
-17090
28244
3027
-6616
99485
-75225
41268
-38195
-39030
-97665
-29588
14038
-95678
68363
64580
4698
-4287
-80317
91967
23949
-77573
-70882
45175
-28046
-43194
-3652
76850
-23932
41855
30247
6858
-76518
20555
59307
47252
72956
-91376
42231
-46043
74448
-60387
3025
88703
-82930
68595
49415
57284
-37446
44205
-62574
9703
-92853
-29743
24935
84853
-22863
-32839
54945
92633
-97732
-28974
43780
-66787
62196
-24920
-80926
-56889
-55697
-29476
15084
21703
95232
28790
98163
50013
57061
21453
42026
-94006
-17432
-54399
-38128
-63934
3781
32314
-19238
19436
-92451
-75013
94935
58454
-5299
25577
-27606
-64713
-26018
-36748
-98983
-32867
75175
-91843
77244
-60562
3504
3803
6334
-5557
67116
-15561
-66904
-15859
-47258
-71275
-72047
-28693
32010
-77814
-22452
25764
11650
30015
14328
-35198
44275
13996
35619
59191
-1143
-81810
63064
-96511
74019
73263
43476
13576
-7942
-18161
1182
-52133
11355
-98021
-43714
33693
-4805
-31505
-46384
24656
-60537
-71755
42866
-90021
-84914
-52574
25709
10273
-73935
-13264
-18613
-78616
-11513
21552
50157
96470
-51023
-76879
-28027
72910
-65611
-18369
4734
-7937
41599
-82373
-11012
-41387
53236
45991
-57457
-18846
-52022
26109
-5428
26930
-50838
-64655
-46484
-28946
42571
29560
74946
-38166
-93131
6230
-57116
357
61196
-55297
-24703
48317
52538
84720
-81912
57026
92503
-93320
86661
-2865
-25462
77403
87746
-66169
11707
94649
69550
46572
56246
-10671
-87991
-35112
54066
59789
-57308
-123
82669
39982
-90694
90666
-93560
-4224
16785
-29577
-61597
-51287
24257
31537
71594
9370
29945
-40507
-12377
69582
-82356
-83925
-10644
-29395
-97894
74757
-85627
85651
40093
-91298
-41675
7767
62526
-74838
-49911
-44127
98704
-47548
-82938
71955
59942
-7517
89220
-88921
77725
-55011
-75552
92927
-51044
-34154
-62553
-56139
85841
-6339
-56832
64659
-20646
-77360
-40313
-76820
57142
-73557
-64836
-93832
-4338
-56945
21790
16498
32705
82558
28883
-78422
67569
24916
-48659
81959
-29847
-44352
97339
-12774
75812
21749
25671
31122
-20198
-52666
17125
34918
-16800
97945
-42075
-25975
49392
35450
-59933
-2256
-93339
55996
15966
5178
53616
-18280
59542
-79780
62288
-67288
-91229
-71077
-34334
-82693
94200
88357
92426
6272
-24538
26578
58001
20811
9728
-97415
-16605
-82748
-78090
42637
41056
-76164
19089
27009
-35622
-28813
73493
34996
97910
77160
79500
74521
-99883
-82392
-88409
-58462
-78533
67079
-58110
-93453
64776
63091
6036
91698
-25879
-19324
16292
-97727
-75819
-72021
76390
-36381
-10569
-19724
-6965
14782
47293
9669
10319
-50522
-63304
90156
75974
-63109
20158
-24288
3555
-32515
-85745
42499
-290
-93412
-59139
69403
-3182
-55844
78640
75247
5067
-12887
69423
99955
13713
90128
-39872
-17501
95317
-19653
73501
-30760
-24937
20431
-63993
-31310
33924
-70146
-39330
-33955
11144
26144
82978
-53932
43733
-42748
-86624
27753
12180
62336
12309
-65213
-47775
6067
-44608
99308
87000
-62796
-91234
43980
-86652
-79020
31967
-63579
72383
67469
63373
-54762
91799
552
3632
-4698
-71781
70161
-78741
25710
63056
-17752
92929
-79368
-96891
5138
-59482
10686
-5980
-63387
-92549
-24045
-70510
-59702
41515
49586
2380
-41209
-51015
-80208
96585
37123
55870
37515
17884
85632
-98293
-89762
-93168
-96668
63293
79608
54655
-16252
-97101
66715
89525
-99965
-89125
-53729
16697
-48914
16478
74259
50558
-64640
-5488
39557
-22323
35606
92259
2073
77812
49368
-76653
28913
88660
-36115
-42494
-93258
-83419
-10862
-49043
32126
21369
-31956
-43658
-35553
73846
90580
64015
20805
-6454
96763
-24727
32950
-78968
-54037
-95993
30339
18724
-62312
-65105
-71797
48954
-92248
-58487
-60273
-16031
-92090
71042
46854
37809
56766
76137
60041
7016
27380
7621
30537
17127
-6513
-6998
-26014
-62441
-72538
61106
-1513
71625
-78189
59418
28470
-48137
-97147
58805
-76092
-54904
76957
-74535
-4515
-5600
-34812
40045
55217
79558
-20714
-46715
38690
13557
-49206
83329
-941
-6145
20637
-33724
-74970
65459
-94426
-85475
-790
85126
11357
95083
-26965
-1996
-95369
-77146
-34238
-36459
19730
-80378
-35656
94379
-75859
56584
92473
-72001
63236
-7975
48490
-63109
39365
75514
-16255
-69660
30152
-49016
-23
-63438
64873
-14026
2026
-47176
-39197
-62051
18115
59263
99473
45665
13772
46818
-90661
11907
-36242
12955
81626
77548
45575
-26561
-97087
17784
12986
-28316
29828
-57748
-73425
-25159
43208
-94740
44452
56363
-88967
24421
31844
65831
-22480
98357
-62719
13096
43713
44762
28554
79011
73247
-54111
-5201
-43539
-17339
14062
-17693
-87650
-8655
77811
98256
-79179
-73827
-43107
5802
61683
92304
9000
78623
-91622
7280
-7614
63405
87261
73014
10609
42640
-2461
70543
-36898
-60204
-4764
-11702
79889
-65643
96220
-30380
39385
-99986
-53673
-24628
-79252
57876
-89717
-91165
15077
-69566
-70476
-11055
84705
13585
28886
25019
30984
-35836
-10420
-10711
-88617
71441
-71227
96534
9986
-84967
-64948
82949
42409
-33149
-54018
5223
-51484
-66249
77167
-36885
-48493
27918
16321
56377
-44184
-54143
18517
90600
38703
-98476
-62123
-69310
68761
-58932
4500
60569
-36461
47742
64367
-7996
6777
-81613
-43546
-36862
-30370
8642
69781
68250
68893
57565
95834
12666
-12616
65926
65375
28918
59516
6308
-76099
-54730
93988
-12069
96955
20039
-29959
-472
75243
-91011
-98572
-34232
-50696
56468
12689
-54130
94409
63696
-51569
-82214
4789
33598
-71386
54401
-57397
92337
-78875
-26587
-24184
-56522
-88931
-84855
39201
-95109
76361
82565
97156
-53315
-11939
98174
84093
13341
-37204
-83826
-4720
41094
-49318
-18777
15781
46627
64655
-40776
-44235
82606
29916
69305
88392
-70548
53838
86473
-28958
-7496
-89683
90377
66415
20648
-68380
36248
85528
-55211
-43417
95827
54752
63948
65402
-11751
-64591
-4232
-17552
-65163
-39397
54573
42879
-6500
-15847
50491
-47491
-13809
72214
39110
46980
33286
-2319
38268
59780
-46747
95571
69262
98684
-81720
34459
34711
56036
-12072
73055
-37594
75106
61451
65581
-90326
46184
56755
23220
92738
-92370
64231
31369
-12264
-107
33929
5203
85905
2870
-27940
91136
38936
-66918
-36240
-23818
90324
81025
-58956
-4864
84243
24649
86541
-19161
50701
33661
-47625
47311
-32082
5085
-90224
44024
84140
-7477
-85024
-39851
-53524
75991
77288
84897
-63401
12988
-79214
19599
85848
-57656
-42154
-28940
-24808
-59916
-79695
-29155
-44436
-35917
-1417
-65454
64303
70139
-51697
-42578
-83000
45415
-40411
61082
57007
-24005
-34959
-73598
16670
92202
34666
-60753
62678
-85447
41806
-64875
40974
-51021
-98472
83358
-71903
-17421
74281
-75754
-21059
86943
-13681
40374
12007
61621
-68853
-24930
29915
-38054
14586
-90537
27387
-76305
48082
-96836
81639
-9879
39779
-3679
-36220
-88456
48511
-80580
-67950
64247
65660
-20560
-70783
-64683
-69410
-88375
87110
96552
49502
97990
-17932
-4588
-42276
34139
13346
-8726
-12030
-96684
54129
843
-45494
89617
15246
14868
-63606
-9680
-43494
63629
92429
50443
80549
-61879
40840
-39771
-74357
-32997
24775
780
-67526
42906
32691
-81792
-44947
91752
-73945
21838
48602
190
-96708
-87475
-29187
-17975
30402
-28084
2493
-27290
-40680
-69391
80716
64222
31534
83751
-80140
-90237
99154
-55065
-81712
-74112
32032
-95888
-97864
-14815
-87633
-62982
40253
57349
-55465
-91846
-56484
-6981
30201
-59674
-90763
99753
-64680
41486
48787
-24376
36969
2116
78509
-7624
-67432
-2568
-4178
-46756
41025
60656
-8998
-82513
34797
-96840
35275
-61125
68593
17877
39662
-58739
28789
-47383
9958
-43425
-6091
74969
-56676
-57811
-69002
58231
19939
-45793
84775
28691
-13016
13379
60230
15809
-19076
-67176
-5262
87911
45834
-91902
66950
-83930
40827
-39059
-41313
45995
92010
-30162
80484
60299
-54934
42579
52208
-13944
19496
7553
58798
85597
35432
1369
-5052
84263
14261
-11595
-15442
61249
63261
1274
54775
17511
96915
-55564
6294
65345
-85497
86418
-12764
-53741
-19019
-17071
-63343
25692
-66177
-69939
73120
-18548
-70703
-94719
7617
73542
49728
38889
50580
46799
-10937
9848
6765
-83160
95782
12544
-77816
-98258
90367
-62526
92766
-30992
-89050
-2775
47029
-21225
96652
-28941
50880
25502
74870
40237
-96492
-56754
-67363
-80090
-12535
27017
-81946
48640
53730
65164
11014
-19239
-62038
-95980
-71907
-29136
58721
-80473
-10933
-64335
51878
-42586
71281
-6388
-56361
-12249
-57145
89742
-222
-27941
47183
-27285
-5697
63711
88015
-18339
-23990
-56861
-40186
41922
-13606
-16804
70697
58197
15896
17699
42220
-17324
-58004
-58226
-66177
49003
79929
98701
-4163
5379
-45764
-64481
31736
35955
91603
50899
-4973
-98271
9680
21484
33759
-80887
-12227
90059
35458
70823
-37822
-51183
22229
-70399
94120
-44182
20969
86769
-59623
74851
-57361
-12209
85401
-2179
-27320
73874
1062
21870
23901
-68842
53448
34759
-7411
92275
-31169
-86335
-21933
-663
-88600
-13141
43105
76433
66220
16192
75112
-40046
43374
49997
-68897
-14098
-56131
-74710
-45900
-94753
92493
75336
98302
69625
-70901
-28771
40854
-21201
49012
48558
31293
-34011
65200
81610
12977
-90747
-27520
-51742
-22631
14569
-36947
-8537
-64776
2907
42861
95429
83943
-96453
90288
-38142
-50313
94963
-10364
-75090
50307
64266
-73816
-9983
-89369
-61599
-6593
-71288
-69076
-92790
8587
-17991
-93908
58608
68081
32244
45918
45843
24548
-79998
41184
38390
-46
-27748
-1352
83449
-92404
-70724
-34248
18867
7510
96243
17531
2084
-73701
-1239
-43382
-87368
76193
33013
-20021
-46518
-52488
-41298
-38847
58476
35327
-16665
31687
-34235
-40968
-40270
-14439
46824
41297
17922
-3629
84877
74374
40390
-51847
57736
37270
-64702
-5880
10561
-36194
-38319
48721
-86309
-14715
97768
89499
-4598
-41028
29391
-88836
14220
2726
42902
-94260
-87917
-68146
-62383
73173
64212
-94714
-45294
-22081
-49611
87650
-34721
-54392
93919
-6737
-84300
-33693
15455
46302
-65260
58978
87308
42001
29565
72875
94329
-57608
-46804
-23902
5220
-94226
35669
68243
-37171
69163
35095
-88077
-74647
-97414
5545
39681
38681
28341
-40602
-51993
56607
-24618
-72518
89884
91046
83365
14412
-41730
-81764
-23916
-11380
77492
-60501
-42827
25612
55137
82679
-11479
60679
-49492
4850
53111
85756
87678
93894
-15569
-40012
87580
-60660
80591
-25994
45041
6014
-87331
65219
-32720
17261
-54205
-96929
93598
-61851
27536
-17982
48875
-50153
84060
7376
-34258
-81460
-47996
51133
97430
-30632
92575
-76817
-84060
-60696
60382
40106
92613
794
-30402
-4403
-39238
-31993
-17519
31660
-23846
-2719
-35888
91376
44981
-72972
36498
-35715
-7488
-60527
69691
-78605
80793
87141
37201
-75948
-35778
41919
96581
-98691
-87604
15751
99118
89022
57834
61090
7822
-98531
-89289
97014
-49056
82962
71516
91534
66630
12691
-66482
78210
77631
-95343
34175
33963
29489
-39283
-31254
-81914
-82817
-91539
-80553
-12410
-34898
65425
-27626
49061
57281
98300
-72959
54298
3094
-88973
56751
-10567
-11763
32686
-18935
-2432
-13835
-20696
-40310
92850
22988
32158
-14171
81107
-74855
-49110
28509
-48495
-56471
-96726
1330
-2737
-2467
-87575
-24607
33523
32546
-26052
-99787
-4080
-20833
84562
31179
57644
45471
-53246
39352
-69539
79133
8682
-30459
22256
87494
-36692
-42422
-51680
34086
-18999
876
-28872
-23218
89917
-57245
98827
79283
13669
-3920
5437
6252
71303
-21153
-22932
-91978
21385
-57095
93982
29217
-24966
28124
24052
-71316
-56548
94921
9844
91345
-97026
-98262
-93253
22272
59878
-22410
-28687
-22033
75388
71010
38224
49152
78993
-96238
-54035
18646
-85335
47751
24773
40200
77029
56975
13059
5125
78310
-14865
-55903
-78392
-89824
44423
-15234
50379
-22727
-57820
57653
59415
29181
-45659
95602
-99541
-27299
27466
59240
-79802
-21759
-21666
27739
-48772
58088
-63144
-49987
56181
-22791
-12128
75905
-90471
1992
44383
-48233
96464
-3016
94470
-29520
-72340
79874
-84713
46315
56315
-22491
-15880
71573
30439
7999
-3777
57856
-74924
-63254
36920
-9761
-65127
-12513
11622
63082
55782
57082
51534
-7664
-33447
62384
68876
98585
55051
-27606
-76585
-47196
78316
-25714
54017
15240
-98025
-15973
-67716
61075
-91971
-99878
63429
-46910
-5269
44146
-62986
4571
-41318
-72544
-36948
-94277
-83171
-28975
-92130
-11734
60631
-23626
-67650
524
93752
25610
61639
-56901
97248
70992
-71280
-73753
17243
56848
53957
24256
-76027
-93843
-53198
59911
-85951
19970
39019
80155
-25713
35039
-70627
-69169
45110
-96020
-58102
-67542
86618
29177
86015
-38034
1982
-987
69567
96603
85731
91159
58305
92718
78268
17019
60828
57463
-64452
-16008
62491
-38150
9212
61339
72638
92111
31373
15241
91172
94879
37563
99274
-42594
-17592
-35316
84169
73636
36958
-86423
29216
21977
60857
-31821
44033
-8513
89585
85518
43533
833
58
89733
-25939
-32040
-55522
-1416
86821
4053
-49185
12980
-54905
62709
74478
-73358
-29677
-35311
-77217
89640
-11585
-90378
-14962
76437
-13755
84198
-16025
-78961
-69795
-63441
41411
-43912
76852
-90390
-89066
-41549
20329
90323
3111
31973
41855
-96876
30966
-50503
-9579
91793
-28724
24543
-45352
22187
-33174
62848
-42801
-4804
-60717
-36698
59959
79264
-43656
-5672
7440
46070
34410
-94709
49755
92052
93707
-63047
37946
-1449
99777
51857
27585
-10583
26215
-28966
-56328
97641
-55085
87164
1368
-29208
-38381
-2959
40260
81453
-75046
24721
20922
-2276
-32193
-33935
10813
29846
-43158
33094
85757
34309
-86915
30980
2891
-79951
40243
45911
-58160
16260
-76195
51125
-49097
93893
-39257
-21784
-91977
45967
-29584
12796
87039
-28257
23870
-6189
-59686
-32332
14275
-99434
87556
-6674
-66348
-75836
52940
-47621
-89173
-72635
-60997
-55420
-2262
14489
-76108
-50272
-96285
-36487
-34467
-47224
-62885
78598
52325
-65463
-38530
68496
-48787
-5358
57289
-21791
-22111
82273
21221
-84277
-59103
30870
-37446
-97342
-30730
21407
-71418
-1735
9410
-32544
72742
98419
16555
50292
-14793
-21787
9673
25509
51072
-60112
-12843
-21516
23117
3480
-40672
-41878
-13357
45324
39408
-77994
78373
2416
-30406
95486
-29676
-14642
-18228
68418
11393
-62779
89600
70837
11142
-20538
-13234
45705
78837
64508
-24070
44017
-40484
35972
-59659
38980
-20010
97414
69690
-7177
1773
50984
11315
68239
88269
42522
-61677
55409
64570
-88477
-42361
92476
11008
-60892
34191
99735
30457
82495
44098
31202
-51301
-66460
51189
-90743
-69266
31257
65886
-13384
59429
40859
21876
59690
21289
-31489
55429
92602
-86493
-99375
-49842
67968
4534
30302
63398
-63731
-52596
69199
-98512
-64929
98110
-10456
-2130
33442
-3731
20474
99203
-28624
26765
-97535
70317
-37109
55660
89973
-94264
-59434
-12426
-32789
41204
-40527
-93161
-62193
-54791
47243
-68944
-66466
7467
98262
7759
33587
-17020
-22323
34927
49996
29713
-51449
-60209
-760
14759
-3712
-96681
45634
-17204
-77700
90455
75095
4482
92172
2013
-7241
-36329
99982
59754
-67585
5122
15648
-79387
48335
38499
97382
-19348
-17298
34555
94753
-62039
-38341
56851
13207
5436
-32486
-17448
77759
-42193
23617
31435
-8240
-97496
31397
-99798
1832
-41023
-57077
30997
-3135
-27693
49415
20170
-35948
51172
74506
98020
85949
87037
72669
76037
-45327
72677
87709
-97650
86948
-36344
-23266
7716
92101
-97454
63811
-89077
-58165
-50381
-70272
72422
54
60735
-57439
-15794
42439
53250
-25905
62977
-33225
10542
-14900
-63402
2118
69418
-50306
-55776
99787
20440
-78875
-75699
-68849
-8109
-73523
-61104
-7836
69094
3807
-98636
71861
86461
36512
63992
-93363
-35376
-9206
27844
19518
89199
12918
77259
-36026
-26079
22356
-36227
-7603
80510
65996
-37374
-94735
-7256
45602
-32104
9754
-16187
-11779
-90730
51982
57247
-29386
9296
-91203
2280
-87475
10987
3155
-4977
-66934
-10465
-75498
29464
-38970
-22633
60556
-82277
-27667
28453
-78515
-82437
45878
11464
78442
-93287
42503
-49707
67117
8450
-16582
-74668
21985
-17130
29624
-64312
-9574
-58424
-8919
-34341
13848
-62698
52827
64287
69258
48123
-49377
-84969
-42438
22925
-16138
73188
-91191
19593
-46706
11060
93430
63121
-46122
-16941
44005
35347
10923
-97812
44309
29726
-31018
33857
-45779
58280
-51629
33163
-5316
64876
89447
-740
-67264
-67358
19833
6795
-49336
90528
-42472
83200
97383
27189
-56444
-59820
-5760
-43143
-82004
-62938
89414
-4361
30725
29613
-44804
48961
-37494
-33072
-95721
28267
85094
50768
-33903
-30248
-7058
-81451
25852
-35781
-44019
-36785
15143
97429
90727
-75135
-89805
55616
55589
64510
63241
-25513
-87248
-98372
-48099
-64592
-64249
-75008
-82070
21707
80769
64057
-1918
77287
35023
76104
90544
87006
17905
-22487
66579
-56359
11628
-1325
92176
-68828
-9504
36064
-73137
-50847
78640
-32767
64410
-83293
57855
-58024
-56931
63060
84349
85137
-7960
-6384
93296
49014
-62374
-91918
-44447
32508
51019
14302
43525
-35803
-490
-17656
34598
61846
-92933
-11870
16121
2842
-38466
28019
-40284
74400
-45947
93235
36036
-20938
34092
59661
99494
-17645
78700
-76959
-7709
16770
91433
-68653
-6831
-18651
51027
10998
23126
-66561
27111
-67248
75155
94946
-30925
91843
-23469
32784
-4134
72393
-10910
-49049
72538
11569
-31157
6762
-21408
-92159
56495
50813
-61455
-80403
25322
25070
20786
-67446
7187
99630
-22989
-74296
12060
-38788
-40590
-34910
-95874
58761
-50490
20555
68572
2505
-30273
-27234
-74324
34435
26014
4500
-11658
49122
-67358
-71936
51607
63114
-86042
-732
-844
48247
-90164
-52023
70006
51491
72897
-52058
-49168
-18867
48872
-55293
-79756
5871
83070
63850
70778
22354
-69829
99509
-22703
-25022
-48457
-38737
936
92110
83248
-48843
-81269
-56204
12240
-77098
-38799
79879
-59946
40664
-56190
58632
90096
3703
1524
-43502
-35588
90928
-31999
28381
-82857
-89216
5522
-19438
-56763
-45556
-71591
-34354
-95049
-1584
-98607
32806
14364
-77314
-92335
3919
-60285
-56172
87024
46189
-25800
-93843
75809
39071
-80000
6315
-37328
-51820
-93676
94391
59396
55212
61731
-72401
62387
23947
-36458
34591
16719
24038
-89667
-43520
-9825
22325
-24608
63069
64010
13824
-43476
57794
93996
53662
4551
-12817
51681
53747
-73616
-10467
21592
-65759
49728
88437
9367
7301
-13775
75710
-62494
38470
-69019
-27570
97587
70131
-85096
74470
-78019
9975
17635
-69973
-63176
-98430
-9047
81651
98046
-86580
-88848
67960
17516
-37423
16199
-6926
-67081
-82211
56016
55779
2584
-57175
41303
-3527
-88552
-46732
-55132
72095
18864
42987
83959
95799
-93506
-84364
-92304
68552
20518
-25021
-57365
-4288
-51140
-2257
-25855
-17463
-12713
8218
-943
42055
-48903
-30079
-56787
-31043
-54742
21682
40571
-2644
33135
2687
-60895
-33155
-47254
-10615
10284
-83811
-17252
4089
46298
70022
-65137
90759
34830
-1416
-87189
7931
9757
19424
-98409
83473
-25866
82105
98419
-68519
-36756
-42673
41494
-45898
74218
-47778
36682
65580
-34540
72503
-48157
35875
25007
-54981
83769
23833
-64449
-23109
32005
41613
89606
-39594
-24470
-4749
39207
83625
-99796
-77165
-35564
-19585
-22435
11714
14510
39839
-75613
2556
-67954
39054
-98119
25765
-63576
15785
85233
23251
70296
68159
-15616
77899
56601
17769
-17042
85521
-21702
30796
1031
29894
63573
-34141
-93415
-73693
29156
-99928
86456
-94861
89809
23956
-71622
-3088
90703
-8894
-41668
83814
32544
-25012
-41411
92031
76537
-70700
25118
7027
59694
1922
-44545
38158
44911
64296
23232
-76319
-74002
-31372
-44373
62895
59694
62870
55370
-79468
-24250
89563
66735
-43200
17395
-16467
-75991
56688
-46718
77164
94205
-23957
-25185
80768
-34352
-37726
-32625
-82170
-18230
-62778
-42100
-89400
-35654
-61281
-12373
-13738
-78036
35998
-48272
49043
53777
20376
-77138
-32476
18930
-53895
-28904
-27775
43868
68047
20398
49081
-49504
23192
-57766
40722
61249
-74343
-36000
59657
31919
-30165
-21240
-96817
51050
-95109
61922
-40800
15685
93240
2315
31120
4473
66650
-91042
94336
-83562
67892
10885
65279
-13054
95803
68506
26959
-15505
62438
678
-78184
19754
-47614
-6842
-26212
-74589
59703
-18112
-73234
-77050
-1665
-33769
-20010
81322
-62550
32222
-81491
-10873
30817
99701
17608
71944
69584
-75993
94688
-38271
41240
88544
6130
-24763
-53149
-8693
-20447
-1546
70888
-26001
-97589
-63626
10672
68298
66816
-45398
21667
73615
32027
61498
-95868
22978
-68928
7944
-63853
49656
97608
17766
-7237
-56752
85560
-90639
-37649
-18612
-5472
-30830
-31039
95540
1086
55017
8471
37622
15331
-55867
-74791
23360
-37766
47296
-44275
22820
-55406
-13431
94941
-86649
33224
-11191
2318
-43215
53938
93860
13420
4967
32795
-33256
46080
-83910
1777
65752
-75155
-67285
65971
-38704
495
59099
62231
69647
83050
48245
-31921
-14431
52543
-10776
97222
58845
54211
76619
-64003
7489
-43651
-59714
-1617
-51286
6908
37875
-55515
-84
71367
57023
-99143
20403
-90982
-50739
-38627
-47708
28364
39442
-49071
17500
68429
59007
-88597
75259
-49386
37835
-40037
37460
-77738
15617
-63944
-16117
21907
-98670
42175
-59659
26049
-64359
-50267
-75201
-97061
-25979
-76238
-59894
94152
-34157
-82067
65778
99403
71793
25747
-76236
24110
-8536
77319
-9642
-72915
25213
41414
44512
-75273
-55321
-71035
-35368
-13792
-8970
54453
61622
66434
43460
24719
62568
-25285
-76258
14771
1979
4089
71807
44290
35905
-17880
-20916
2259
33224
-22247
42418
1053
-18516
-11814
-20972
-20705
91414
91416
-6131
88568
-52588
-96252
98610
34453
16519
64145
33229
-6020
-21722
-911
-59750
74346
55191
-59163
74016
-65128
64800
-33555
3259
43994
11764
78913
-88795
31094
20197
62577
-22763
23524
69613
62804
-1141
58466
-59048
42156
285
-68859
8970
-83863
-43802
37869
80693
-61910
91940
-15169
-17739
-70550
45913
-66919
3194
9409
-30123
-65977
13225
-79027
-36287
-48384
-5953
-2623
13833
31558
58731
69262
-13774
-85959
57036
57509
98684
90158
79889
33002
9513
-87643
-48978
-90516
-78931
81522
-92627
52166
74356
-32891
1580
-9120
-63170
95924
71045
22070
-79392
98761
-96243
-75818
-15359
-98851
55164
-97154
-74538
-61188
-76691
67383
13876
86659
-62293
-89242
-46359
-66943
-19154
-62049
-65820
25057
90140
7007
9628
-5443
13370
-54972
8965
-5357
85330
7220
57603
75097
-16762
75086
21599
-84527
-62292
93203
-65338
60275
64270
3910
-58248
60362
-67687
-91851
31943
-15297
-56860
-5086
97826
-21709
-37750
92927
79532
25548
-87128
-55649
52129
66236
80682
31527
-48555
-82934
-13307
-63051
72860
-23342
39279
-11246
-39706
94678
-61987
-24767
29667
85118
51088
74440
24005
-74674
-28785
30898
95064
40114
88478
47575
-72602
-94108
-12464
-47499
-89954
-91255
9550
7124
-27045
78379
-11491
-9958
13189
47170
61427
91533
48457
-12897
-7794
-80481
15483
-67730
-72982
1362
84605
58159
-46943
-81596
6765
72038
-32497
-453
40244
28854
-77610
-46010
-71005
66874
-81914
81076
-35055
-27915
80827
49668
24130
69925
-22771
-92242
92438
27083
-80508
8894
23952
29278
53387
96014
24120
29789
29587
-32652
-75789
-58157
-77577
-87750
62368
-23036
6873
40816
89028
83466
-89136
50122
-45261
721
65696
59041
-39549
-3488
87352
83412
61622
40514
14106
53552
-12035
65068
-81670
-48788
61099
12419
-30140
39184
24646
22672
95430
-32052
84449
83138
5374
-59734
-4661
44530
-78537
80239
3126
-68994
74779
90337
11092
-43061
53573
97236
-62117
-89985
24555
17412
-29455
-91232
39159
70094
-7123
7502
97231
73283
-6825
-23042
61692
-98228
-18088
-7250
62157
49669
88052
-87728
22737
-80678
11790
32177
12748
95450
10279
72638
34280
86762
6730
58843
90976
-42916
39666
-60596
-97505
-31484
24288
-15965
-38415
-31775
76911
-75167
43871
47538
71387
-98999
13483
12161
-70715
-30050
-35130
9205
-69033
83191
-65954
-15369
-3953
90481
-89614
-9233
45702
-79464
-69818
-59928
-28661
11008
29489
-89597
20616
91801
-98268
95901
-82338
4174
-35936
61675
-87022
48995
-88842
69702
9012
65529
39469
12961
58780
63004
-7456
69917
-46199
-86570
-16772
34172
-94706
26617
85043
-98700
-34818
-97505
-20433
-81252
79044
-4968
10151
43593
-23599
57235
56418
56612
-31572
11987
-19586
19787
76412
32858
98598
72092
-92186
97917
42570
-46004
2243
-90640
31467
-95116
21320
95346
-63878
16370
49081
-9345
-38676
-79182
-52141
-20129
32777
-6150
-58474
48430
-5832
18358
-51682
-87
-78991
95789
13751
1874
34770
-51364
-79354
99740
-83071
3986
-18897
38212
-61882
-31918
-16261
-70001
81640
-8550
-6511
-8378
-65876
58834
68765
-64498
-69124
85330
44194
-6276
20392
19271
-74907
22469
19577
-28551
-68198
-64870
77620
-44699
-50576
46112
85928
-76128
86517
-14412
-67852
-53656
72691
-41427
4503
85856
86682
4217
-3971
55825
88697
-71248
-94219
89874
-56011
-37325
54642
99817
-68094
-38546
24143
21716
-72939
-44518
48841
-56493
-71904
57935
1885
-91815
42083
71581
74805
31864
62483
-89824
-70477
-84184
91573
-44476
79125
88990
-16427
-2459
82021
79106
79005
53736
-25658
86015
-10836
63274
38777
25151
-81647
-590
79943
16353
90428
75850
-97333
997
71765
12341
90920
-7598
-64987
-10678
-75804
-7201
-67185
46227
-70800
-43123
27715
17416
-99835
51683
70132
-37987
-73238
70590
81481
-64769
-48419
-10768
-32228
31051
87674
49858
-44390
-1894
-67558
81876
-4889
-4584
85045
-36143
85801
-2734
3517
45352
59400
-87467
-86011
47356
42329
-41726
96592
47806
-32700
80642
-99631
52478
65240
53776
53373
-30753
86598
-51476
1251
-70418
-16234
-88853
95594
61855
31045
31366
28481
451
-73398
-21185
-86102
23621
23745
82213
-29770
42189
77118
-52143
-13026
-414
90874
-8035
-99675
61409
99340
-49183
16827
85685
-79810
16680
47532
-48300
-11053
72027
91921
51620
-33882
-78585
-47450
85431
-76390
-72316
12833
-22406
-86470
39890
-77197
84078
12107
36318
-3899
-8436
-32404
-73705
92811
-47247
88924
31043
-39392
-60655
-56629
26658
-61802
91070
32595
20662
47561
74011
2639
81301
-58964
64873
-82150
50669
13982
-66518
-92751
45643
92503
-45993
39676
26061
68273
4427
80398
-67267
8163
83300
-24939
57207
32946
77356
-6834
-41161
-44421
58378
16014
-99471
-90856
73379
1480
-12476
-27861
-32202
-38272
16430
-94451
68302
1423
-401
1230
35961
77277
-65226
33451
47840
-91238
-48613
-67624
-12516
59808
68235
29385
-52885
14042
61357
-77687
-72626
41663
-9799
-93337
-14662
71501
-82287
-33966
77046
3449
-78579
-11396
-43497
54560
-807
-42545
46603
-36244
-20015
-69437
-69542
52515
-97338
-10889
-59937
-68741
40885
-76821
39882
-15075
21262
-30713
82840
-9470
61618
-72890
67736
74766
97928
-62344
-22636
-33420
86397
-21671
77628
80855
-74559
94645
-39049
13616
42657
-10390
-16198
48294
-34128
72032
64988
-12107
79551
8737
89567
-65436
73305
-19040
21320
66853
195
-57274
-92065
-38599
42750
-24112
56023
60971
43562
70774
-91173
-89055
-69536
-54560
-30963
-28816
44508
-12018
-13911
-35068
47496
-99119
-97102
65411
-50539
-8614
57057
-92486
-53228
49694
-51144
11513
-55447
32054
76424
-95255
83907
58710
79277
82035
13986
-5019
-22689
-60730
-39662
-78018
43686
-48538
85718
34595
-67352
6266
-13683
66912
50679
-56884
-53439
-48078
75388
-89938
-52989
69880
85099
98110
-32124
14277
15681
-99774
80016
-50461
-16579
-75004
-52483
-94867
-54430
-42581
-36396
-5543
1925
95043
45245
-39851
32505
95073
-3630
-20863
20670
-61854
20609
81452
18641
-90055
-2780
-12959
39250
-13803
92945
81343
92248
35567
-75180
80254
-77738
-3085
60191
-80509
1058
55713
8881
-18311
-10844
-52670
-62980
48836
28149
-14575
-97562
12449
33847
-96914
-36652
-50112
17628
41479
38703
-71847
-73531
60568
75463
90175
-91409
91593
50356
29020
-45736
-85967
-42467
-28300
82156
-12480
54363
82021
-56885
76872
-93203
-38740
61974
36276
5123
-11355
11564
92761
64865
-69286
79980
59895
-60730
48244
-5359
84587
-1527
7440
-39750
24819
20719
-377
66477
68925
77360
-5127
-3000
-15248
86466
-65457
97924
-28820
-23475
-16766
27249
-24139
5349
-1609
34312
86018
-70974
80214
64394
84176
-82638
64942
97784
-26973
-201
86485
-59606
75833
-60364
-29545
-44906
73812
58951
17785
78019
-34458
-96515
88772
-56143
-91796
88319
78512
-37608
80080
-85280
-18581
-91762
-57348
-10753
-20748
-70509
62226
66817
94093
-82872
-69627
-27600
-41656
9109
58011
-36239
73201
-34802
94849
60947
-35041
3642
8851
45127
-82307
5943
-42378
75301
85471
-12746
-69834
62260
40465
-17297
-28976
-66258
94548
-14242
-36283
74391
-55753
-75517
-67371
87709
-23803
64251
-15079
17900
60661
28864
-87961
-53442
42979
98095
-95240
38254
74956
13440
-6542
76427
-8670
35708
-71959
46605
-26666
-64588
-21990
-35518
99423
68333
-55433
-92820
-29356
-56922
-64479
64840
-21483
52248
58975
-13124
-98085
5642
-43386
-67888
-15294
37299
-58081
-81050
63844
-72267
-16343
66693
-12645
-82444
92312
-96382
-60576
64599
7928
30371
45132
-20006
-87769
63633
-64412
-24630
97964
13929
-30009
36099
-30945
69817
525
6551
-82191
-75244
-52968
77065
13733
29598
-50864
78038
18597
-81149
-33240
-79953
-51217
-93492
-91757
44159
-51956
-94885
92895
-11372
-81530
-93245
70956
-2381
45795
-97721
-54761
-34019
88220
-59231
-41925
-72602
-92419
-43417
60495
63460
-12325
28744
-2552
24219
1088
-59064
7956
97738
57339
-97757
2537
-62319
-60823
85010
66689
-29793
79807
-2486
15898
75939
-3145
29882
-68663
88065
3420
75327
-9011
-38408
-8864
69021
95445
85660
20128
-55993
-96
-16916
-28544
-92390
39451
-76600
50431
-69491
-11536
-89207
-30944
64976
-67545
-74127
-57406
-36510
45796
45379
61413
-40308
89418
-28492
-11848
90307
11817
-9192
-68064
28138
57565
55980
56689
-90262
-90665
99585
-39963
-17867
17661
-46037
-65409
-18412
-83551
38712
-89071
-86389
-61176
-94083
59572
-12314
88744
-91266
-60314
78978
-72662
36165
98570
-48689
-425
-24230
-70108
-54854
-1349
36405
-73626
-65997
99887
94756
-13840
-30028
80318
49644
-69862
-43023
65845
6042
67334
-88220
8642
88303
-14278
3139
-20651
-68307
87216
-26626
2221
90371
-77002
-62881
-21105
-86829
-48131
-59746
38042
-92893
-47884
91982
40284
-68857
43546
-99690
-19077
-86960
24304
-81450
94388
-52725
-9962
13641
-3675
26561
-78953
44656
37650
-17097
13986
-58850
63366
-99702
-24598
5454
47012
67681
34815
62254
-36918
34873
16718
-95759
-40081
45084
9397
51677
-63091
-12445
11237
50645
-84221
-34474
39171
45826
-31879
81264
-84753
9358
-15712
15063
70946
-8117
-67659
26214
49946
-48148
-73542
9444
-60923
-44249
13854
75993
83680
-4142
-36737
-15858
-89909
-8875
30432
-92163
99263
60375
-66156
-67294
-80558
-22951
54815
-36206
54895
-23924
-69836
76793
96436
-49856
56656
7085
43131
-51516
-2847
49416
-53062
-89680
2758
68258
-97216
-43314
47356
73799
-29301
-25339
41376
88510
-73226
-50500
10779
94673
48731
-37238
61141
-54037
-85532
-43307
-69930
-29406
-91648
11796
50095
43523
59534
-20366
30353
-48520
-79518
93117
31338
-74291
54262
56757
-9847
79449
79305
-71439
17366
2186
28012
-20440
-95730
13636
8873
13191
-30718
-89052
24204
44850
78716
-78565
30826
-43520
-77363
9327
-39890
34232
-68639
-21037
-59211
-81135
-89426
2484
99898
-17899
73959
-94333
-87106
96227
25207
3684
-34446
-92039
-99116
34895
-57543
96633
3682
42544
-64655
10993
44639
48964
-61120
4997
-54835
23813
-26435
-71927
18894
22143
-27911
-37341
-79584
59346
-66148
-37010
1612
51771
16290
35795
-26964
-92683
-98878
93222
60272
-23744
45818
-64765
-89094
82070
-30395
76967
9795
-27660
-38734
-98462
-9551
-98747
-27870
-67750
-31025
-51709
-54706
-91076
-45249
92807
-2911
6478
-82917
72163
40451
-35249
-28018
-36962
-81120
10268
95708
-46926
-72940
-90200
25474
-623
61678
-32330
-60756
74340
-17639
-7878
-23565
-52052
84717
-32941
-20056
-91984
37184
-79829
67315
-96962
-25700
30051
37111
43269
-36594
-7320
83141
-27463
46998
-734
-96196
-47137
-47521
-42033
14116
66438
51151
-91332
3094
-83269
-84798
81962
13943
49066
-37077
44093
-13345
-22680
55723
47251
29889
-9100
-29402
-12017
-86224
-84092
67593
-13675
-39262
65434
-44702
-52608
-11589
93871
-33147
73246
-42145
-74191
39221
21895
-46395
91795
55236
-72141
-87675
9527
23122
1037
-96792
-76579
22151
31198
-19036
-22069
97004
-61057
-11904
-79604
-18035
-86408
-82849
28129
94795
-79745
23336
-97083
-53502
-96368
55760
-24849
46066
-85955
-44793
-16863
7969
-49989
83464
-10336
-7518
135
14760
-13322
93332
16014
87733
-59858
69326
10822
87660
59103
-62747
99113
-68586
80002
-92046
-63677
86679
43659
-38502
-58183
97665
54445
57593
44192
-82271
7422
-1584
-86538
2879
18398
2622
-25687
93269
82379
-33769
-85754
-98235
-55085
97972
56842
-58465
37654
86007
13564
61889
-98472
-47307
-21179
-58698
27877
-17371
76695
-84203
-21312
19771
85683
65343
-9520
18617
45940
13098
-57323
52661
36927
-36936
-46064
-11793
22709
-86673
-54055
15200
-33055
-52864
-74281
-6159
81027
75382
21675
-98824
36055
4111
-65927
16422
58706
-10695
67104
-92644
-4569
-9439
-34319
-89078
-55801
31947
23954
-16524
2786
51832
38842
72280
-37314
-8112
57361
-40756
-8323
72006
-91964
97309
-4195
58946
-56557
3573
-43296
31702
-17309
41001
-37407
-33132
32466
-31779
49118
94104
68770
37966
17478
9025
67651
48368
35556
40934
-9559
-70959
-31512
65134
-44287
-12299
99549
-85381
-22731
-45858
-88295
-63663
-55873
23913
32764
15257
-5000
53123
49204
-15975
-83360
18837
47803
-80915
-40155
-45150
79081
-6535
-98196
26414
-47272
80090
18301
-72397
-31373
-33788
-41161
-15369
-66733
-81952
-60455
25365
-81175
-35328
-31501
-56531
-96162
-86422
-10274
32759
13779
-5638
-62475
67148
-13627
-13647
-28244
74129
-73362
-88351
-38828
-23692
68577
-29209
-73285
72892
67269
37945
91883
-88221
82387
-22798
-38210
96712
-84551
-54969
74008
34948
19220
-83787
-10012
33795
-97656
-87860
7638
-37871
-93461
-93843
89330
-98791
-99573
-61729
-99818
-12534
-11883
-26263
66073
-24150
-8512
2572
-81971
74714
-48066
67665
-99682
37568
34867
-57083
-90088
25501
95354
-45905
-98125
-43732
-89033
-54379
86728
-46479
84408
-45711
80792
-30277
17084
-51573
-32558
22218
-70995
72279
-92216
55212
-70719
-12502
-93445
10555
96756
24746
-68274
13889
-49449
-53944
98276
22622
68274
59517
3140
92003
-89108
75375
85075
-77533
-88810
52556
15576
6705
-23078
42014
-23360
-55469
-80558
-91709
84249
-27139
85875
85167
-51461
7579
93921
-80883
64665
-72990
-24104
20639
49657
81548
59987
-51868
94431
-12680
-32345
24729
95333
17352
-45431
-42339
-26874
69029
-42564
3462
-11250
17045
-65573
55468
-72861
98925
5064
39262
72938
-42871
59160
-99361
-75529
45560
61722
46017
1718
-1982
-24941
12497
2840
-57023
26866
-46234
-82658
-36836
74245
-24931
51900
-26748
-90712
-18929
24825
-34482
-77490
20621
38677
-87393
-2863
-6842
-61578
-28996
-12932
35610
42552
-2230
159
78815
16080
81707
99145
-35960
59194
-35187
50177
-79916
-56106
34418
-97314
28299
-48803
53461
81101
-14345
79573
29410
-21332
-39347
84444
-80479
45274
-27798
-37314
-33
-11337
-35282
-98368
61271
82090
-43344
-22306
79830
55921
2601
-99846
-14685
61949
7559
-16478
-78477
-88181
23755
-43149
50321
74185
14898
29141
-87490
51258
58408
12059
-58150
39357
24463
56158
-86426
-47655
55986
55239
68224
96804
-3895
-92711
71757
56412
-27927
-75780
-92134
-718
60218
-37103
63834
-55892
2142
90135
-64788
-8272
99083
28067
-66626
-52388
43740
-20368
-762
-8923
17746
-40556
43111
-99924
-31462
-29299
92567
99151
-56928
29974
7468
-91166
-81797
-61455
-69887
20652
36156
68544
70088
-31877
-21590
57697
-6775
13550
-34734
26048
-70765
-92117
66410
-14848
-58287
3577
-78405
-64202
-20924
-73410
-66958
14161
35424
-75069
18493
52878
76435
-54770
67171
-53212
-97589
-85653
-84097
48172
45686
70137
-31155
41205
-62894
58449
65478
-33026
-95545
-55351
-5472
-64532
-3045
85927
21827
-562
-14599
-81471
54854
8224
64435
41533
45268
-18895
-96080
56253
91116
36761
67001
4698
-63635
-58970
82258
-17931
38999
-22843
-55243
74567
-22753
7362
-6034
72581
-58398
49673
-69754
-35730
-15209
2233
-39395
-20278
-39752
2717
-61651
26560
-55153
55336
-6497
16690
41520
-94257
-64143
-24661
44544
50270
-52726
-32429
41619
-34630
-6019
-29670
25364
-13515
87219
2721
-27127
26395
-67517
20789
-64359
-43655
-1540
8242
-64064
88858
45273
5108
-8908
-65590
42679
-4932
94361
-90331
-37991
-48584
86172
75180
-14959
572
-96923
-70829
-17128
-8041
19557
77874
-18759
47339
-26841
51124
80181
-86458
52583
-63916
33010
-63944
-54460
-60810
61955
-64087
39817
59734
97926
44848
1111
-28775
-4186
22679
-91157
64485
97185
-24046
55279
40047
23265
75304
58118
-78895
-62153
36398
92984
-41191
90904
53097
-89651
31453
41127
-10585
42152
-71162
-59425
76106
-150
67196
47150
2329
-65601
-27813
35448
96794
-23918
47518
-24550
-78656
-45199
15391
21757
76454
-59922
92710
-93919
24497
-20074
-778
93114
-30862
-45074
-13073
-58024
-52244
-40929
-99277
7741
25824
94393
-77936
-15203
21114
77968
28977
67269
-32868
68517
14744
-67143
51529
-54134
77331
39279
-76638
532
-64473
1518
31835
26199
41541
-64820
-6605
-46106
-19409
46631
73082
-27914
-57550
91073
86924
62290
34369
-85328
46272
-5586
-93477
-70646
61714
-81986
-56342
63495
55628
94538
-8661
-63238
83393
4093
32284
22712
49664
-73301
-82439
-67963
-90181
-34933
68573
-15107
-85181
96882
25742
-76722
-48471
-31464
53856
-63681
-27538
-42196
-71934
-94006
19017
-9614
-55545
15937
59510
-54899
65524
-98808
-94339
82785
26008
-32057
-49822
53853
47017
-76765
-14433
-18479
61841
63599
54851
-90146
-26121
-71637
-59685
-7948
-25624
46018
79651
-67280
-8654
60281
23388
75552
-61593
-98404
-73774
-74925
-28100
-39189
20170
-75362
-7809
-79419
95267
-45266
57073
-52598
-8373
27535
-31018
-62996
56452
49175
76966
-6342
-77093
31668
-43320
75073
-68152
35683
78874
-48875
77835
87408
53111
15454
-75622
-42469
43979
55066
75378
73500
102
50187
53121
-64060
-46876
18312
97588
7966
44551
-93982
-72277
41026
-83833
-42674
49037
-55530
26297
-42378
-94621
55144
-50791
-81341
-5842
30395
-80179
-80973
-62413
-52296
77463
-17691
-48008
61313
-21420
7506
55965
-30228
-31958
-99370
-15578
-45411
-16738
-42124
-75010
23602
29341
47285
-74516
66272
-71655
-86127
56581
-89699
65206
24132
89210
18163
42684
60626
-51609
88144
64760
-32702
83638
-8211
50933
-29883
5364
-99877
-22771
69868
-23694
41811
-77885
-83562
753
-92885
61556
95579
55984
86504
55445
51103
-82143
-39560
-75068
58249
61872
-13552
-37065
-25566
-14292
-60807
-68076
69955
-87587
-80037
-99614
-20590
24293
24269
54459
-23392
-85229
33280
-56061
-40846
-18629
73713
-72290
91244
-21518
96983
58298
-22967
51766
25378
89007
90727
-93356
84124
15522
-38522
-50370
14062
1801
28658
783
35663
-25352
4198
25481
13546
49290
75394
45171
-65060
-23131
66121
52383
12281
65623
14708
-19763
42261
19451
-58448
79508
-75955
39800
7797
-93231
-15153
-89891
-39709
-42404
-83111
32702
90685
69921
-54211
40661
3664
76552
15265
-80682
-84634
82921
-74941
80326
50171
-39208
98460
-75036
19908
-12821
-58726
-88086
-15642
-57982
-66547
-91292
80354
99703
20113
-51718
34696
-34813
13044
77280
3870
-70754
-77810
-67902
93040
9034
37325
54137
-19218
-42052
-26722
-35743
-17218
62573
-75559
4685
5178
-31541
86609
-95995
71941
35081
-94605
-10123
48967
-45608
-58484
-38326
53920
84093
7341
-88097
-87425
63633
-3917
68470
-18100
-82095
12317
75835
-52909
-76495
94809
8921
-41600
-47785
67799
-40851
-22376
-56147
-66276
-86261
-67283
-46877
-80393
-62335
-840
-64893
-42559
46815
-88038
-43934
77374
15525
-65714
11291
77102
-71093
80908
3051
59693
-9538
44053
-60004
-7324
-70862
-75794
-41881
-51525
-8674
-10513
-64215
66933
-93393
-43535
72697
-59108
-10377
-53118
-41083
-61123
54009
54353
11760
76369
3512
-75840
-88227
54366
66502
-69807
32671
4249
96719
-74509
2723
80145
90750
8773
77806
16387
-6920
73506
37353
-39352
-67376
85672
-18655
16543
66920
42149
-27405
-20137
26445
-56785
87246
-32793
-28120
-19135
-50689
67601
19069
88456
-48669
-6451
-20523
96971
54428
47661
-40798
47311
76324
10557
59982
-96362
32515
94496
-6310
31763
-31742
7836
-24647
-60899
-69711
-68278
61671
-55792
-15137
-91087
97003
-33378
9792
-34648
27193
-534
-4089
33729
-61650
86132
-93433
65760
17447
62169
87123
-81783
26854
-12519
-27086
73848
-23225
20584
17676
54078
32534
66374
30326
21712
-17338
-92419
77713
85722
31018
7145
47114
53932
-92480
15647
58424
-49304
-87548
3084
10675
-67788
-94109
-42351
15982
-60785
73054
20898
-93289
69834
-92285
-17620
39778
-64232
64426
61161
-51939
-61966
-9086
-80857
-65109
-93322
65122
26315
31148
38849
-54057
-78107
54821
-66406
-84926
56985
-51433
75907
-83858
65495
96218
27548
86255
-68823
-237
-65362
-33473
61376
-70707
-8156
4773
-93006
84193
-3006
5788
-54071
-14534
18264
93490
19338
94653
83555
-74201
-65282
-32100
-45147
-28688
-52192
-22272
16452
-70252
-47068
18901
-34765
50444
-86690
56041
51029
-85896
-35751
60806
-92689
92782
25071
18633
-33904
-19350
-62689
-27616
66330
95177
85629
91463
12834
44628
-33213
49773
19543
35148
10812
77279
84730
75407
26966
6626
-1067
84540
-19605
17503
28334
95437
-47949
-27295
11347
678
68687
61868
-58571
59913
-599
-77242
47587
-34066
32478
-88689
6359
31440
65315
-92569
-99785
-50558
55108
68030
-34271
74007
76979
-4972
67007
-97088
-22555
-51205
70279
-98061
39225
79987
57950
-48799
99170
55400
-53525
-20679
-31753
-62429
-58085
-62457
-4938
-5863
73504
61919
-21922
67076
-14103
4880
8600
41083
89707
42747
-39773
-27643
60905
33067
79784
-87047
82210
-24317
-40456
-74589
-37733
-12268
69037
-31800
-79951
-30935
-68238
-44720
60933
-89749
66633
33220
62549
15911
-66140
68677
-76168
-72511
-53109
22284
-58369
48126
-20056
-49917
-2712
-98436
-66249
82696
-22004
-58748
15644
24600
45761
-31588
95664
-60432
77276
65039
99963
28690
95475
19413
-17603
-98593
3909
-46964
55714
-84324
-54878
-93593
-84292
-10464
53805
-94702
-59712
-69109
5032
-88828
1666
87853
64079
71091
-91657
37030
-11376
64588
-31781
-99063
-73487
-75143
-91212
8378
66697
99689
-11267
-5346
40639
4691
17923
-70401
-36324
-18051
7651
18401
-35200
-37636
56356
-25627
-5333
70309
86007
24733
51553
-89682
50085
-32462
-93365
23236
98544
3684
-95970
31530
-27749
33308
-86440
-91667
-39643
52967
-75123
20964
42437
-91701
12326
95090
-91207
-86378
23780
25070
-53416
-34361
-82824
52761
84097
84822
76144
-44184
95765
-90176
62894
11473
33296
74987
-85766
-76832
63489
-43318
-65002
-9664
-20410
-511
78328
-1315
98701
-28614
-63852
3594
-29027
64617
27188
-50681
-23344
61618
-29028
-46555
-7791
-77624
-82744
-33719
-1675
69966
75445
-27230
20596
-89832
-20901
51850
-2008
20937
-98190
74455
-51793
-25749
18748
-57118
-51801
-63704
-38326
47999
-76857
-40008
71477
-34466
-57915
39995
17433
-81644
-4399
-94099
-55914
63602
31271
-85629
-51454
41918
-89126
51744
-12854
14580
-15031
-81803
93537
-98090
-17481
-43229
-27205
78675
-67903
-54037
-31096
4777
41872
-69800
58320
-73422
34744
-52347
-13536
-79436
6095
-35560
6097
81060
-18134
-85371
-12623
-45117
-1688
-3899
16809
15228
3557
-76906
-10020
-30449
71506
-45642
28902
66489
763
-11589
-27836
-48010
89785
-91027
-45419
-79497
85968
1519
-46858
-54829
-11102
40182
-37854
-17672
-45832
-52313
-46509
86380
-8521
58027
-73623
94237
-20841
-46435
3021
93217
4173
39656
-25412
-31364
75715
34184
886
42
9945
-45453
-88968
-15970
-51093
82373
70059
13998
11839
-7603
-44159
-42440
-93035
58638
-78712
-70840
-4963
-96391
57398
27138
-78308
55127
5088
7701
-49170
-74011
-56063
-54115
12508
-57977
47799
-42614
42340
38529
-53549
-53337
-21136
10321
64897
49683
-22267
-34709
27327
83239
-29052
84823
30911
-57119
31644
54108
79445
83725
-77134
-72992
82261
-50442
53981
-91287
22530
-52025
-81911
-27421
-22730
-59590
-9930
-83509
-41307
15585
16829
-59908
8987
31680
-52153
1533
-61063
-17051
1784
46946
16532
-1817
67923
-3779
-46449
20495
-80810
75931
38910
-27124
-48170
-11621
-12679
-54039
49070
77428
21398
70295
-31414
-91478
-1989
39666
92567
47125
65260
57230
-87966
23176
-9535
14784
-6346
-13361
16120
-17020
-19555
-68004
18540
-24013
4512
2860
-87132
-97220
92381
-88711
-91767
-13271
27193
34208
28394
43587
59165
-76197
46888
-71540
-85412
99228
10066
64761
-10084
37288
39836
46593
-26443
-23470
-4256
-75
-59206
52890
-26005
42430
-31158
-75197
35966
-86286
-97763
74169
38700
27807
-96636
31664
-99191
37101
-58337
1712
29538
-48862
-81856
96172
87518
-17553
34660
-41412
22195
43349
56119
69326
-97780
9578
-64414
-97468
31544
-36015
-10422
24233
-5062
-37595
-13453
29735
-13878
61531
71250
-70463
-61275
-96783
16170
-39983
34575
51228
35147
27330
-57471
-65752
27315
94224
76970
8100
17468
-98132
3206
22458
64227
-31317
-76249
25663
1369
-74469
72826
54156
39753
-75678
94157
-55594
-44844
-82965
-82047
46462
97751
9473
-322
94876
-64291
55051
1889
-44114
64190
37540
81315
82961
-38498
85482
41170
-79524
10964
-21131
-54829
95438
-40616
-19802
92471
-75595
-82441
81272
-77149
74965
75629
38764
33886
-46426
87811
-62237
-53632
-7860
95994
10749
66477
18792
-20172
9337
26495
-99889
16924
55043
-15467
63375
38659
68114
-26090
-8400
10959
-15000
30778
93057
44523
58541
2258
5116
-77383
16131
-86996
50549
-83869
-46294
-19390
9819
28484
69173
50790
29189
-45199
12507
19959
32460
-86314
-49272
-65756
77053
-62305
-98786
72425
-71168
-71016
38707
83056
-66081
-98865
-31814
6087
54528
-46959
14278
57249
37186
-46263
-23425
63661
8164
72637
21474
38676
41110
48534
-4675
-33950
213
20490
-12759
5515
42086
10138
17386
-61867
97175
-74788
24165
23415
-64921
-24869
18939
-82435
859
-43514
91159
19685
55105
95209
-64377
15742
-23520
61590
-61425
54273
66249
-91101
-65374
-28445
16521
-25921
78157
70074
-47608
-40541
-14218
-74242
77789
-29318
10895
10077
-74057
-87949
-90886
3395
-94473
75939
98541
24515
-34277
91412
-23145
71784
95675
-20841
44425
-92788
-2578
-67024
5668
21600
-17628
-72849
44534
-74499
-90236
57231
-47545
-23643
76253
95265
-18851
-73015
19818
65756
76633
80902
-29285
-61043
89352
58889
41839
43787
-28146
-95524
55156
78906
94909
-82308
-80059
-6833
1637
72675
-28573
-39669
-57731
-57801
68042
-95764
-43649
23868
98585
72219
-45622
66044
61153
26014
28012
85476
50934
70032
99515
39827
15519
-6928
-81503
-62728
-50971
-59530
13053
79097
9263
-82304
-78914
-37698
80711
-3995
-87731
-21915
48774
-78666
-82987
52611
38818
18740
52109
51628
-13974
-78869
-95627
-46698
-12894
10426
-14820
-93425
96992
-17770
-19891
3812
-95363
24249
84935
-19613
30242
10071
19903
49531
-57314
60886
71175
-78795
-11232
41219
-75171
90860
25637
39098
-19769
90985
10901
7620
-81209
-90365
96419
30269
2308
-12898
95550
83810
34856
-48017
-86699
-68577
66132
-99627
-72435
-97832
20999
-68133
-53860
22741
80121
76625
6572
-84624
-49629
1288
49814
-88981
11469
-65835
-65292
75930
1404
89468
39753
1402
70755
67389
4202
67430
53798
59096
9395
-2824
22931
-71058
-42693
18963
23632
68995
28078
-17039
5500
-86352
33141
-93875
-83359
-87394
-15229
-36518
-62786
-19791
12257
-78442
70947
79246
-76927
4258
37480
12681
-83600
54888
-33972
-24780
-80445
-18464
-94681
-52558
-75838
40339
26016
-15900
-18687
36222
-55969
-30087
878
76812
97947
-32482
83344
7820
-39661
34596
38777
-87633
63357
-56375
-75798
-21345
46843
-90154
-45910
-99960
-28010
60279
-75376
89971
-45574
20611
-93163
59513
-40096
-54849
-84386
-17614
-85615
15313
50040
-54706
-56782
-83143
-74346
-73735
38767
-8637
-91689
-63407
27876
70023
24534
78275
22833
73980
73136
-35559
55246
31
45366
56025
-55936
-35310
94274
91721
58107
18634
-8010
-63949
-82619
66724
53216
33179
36864
37581
67483
65663
-48509
19113
-12705
-33006
-40463
-38741
-50801
-86283
82408
20617
-94505
92594
2611
-74557
-84620
14258
74073
-20616
3844
65821
86589
53030
14441
-17534
10182
-58036
89468
-50351
23
25926
-77520
-31183
-36705
-31876
88821
-32777
-89417
-69489
66305
-67364
14799
22244
-56563
-82073
-69665
-61808
94688
62065
-70662
-45669
-53035
89789
80080
75840
-98792
-44457
49147
38178
-4631
-54077
-6207
-77306
-34168
-62287
-30521
-36612
-77237
18468
-23153
-72361
29459
-11660
326
31041
-25367
33032
24956
-50257
-32551
4896
17367
56419
85315
57171
66882
55122
95137
39486
49702
46799
-40314
27843
-83539
16864
-96984
53046
58308
-61333
45484
-95072
-81653
51207
-17926
-23976
-33764
20083
-54314
95177
-62010
29414
15914
-30034
20324
-584
53848
-27307
-57725
99565
-14192
13495
-16347
29014
38873
1279
-47293
-64070
9545
76613
14476
-5789
58024
-62463
-18729
44627
-61721
71671
79878
37628
15358
-81535
12328
99347
7200
24039
77657
-81599
-69040
-30809
96664
-54774
51257
-52266
-94979
15987
-28476
-77305
89422
-11019
28290
-11580
-36002
43871
77154
14076
-87740
-71177
46943
-58856
-6139
-50484
-86867
-10716
30250
81861
-60315
-44624
-71016
-39209
-2157
-95790
-65438
22705
3857
66109
-21436
37903
-5829
-99475
-75168
-92368
906
29415
99451
10190
4380
-70801
-1386
27394
-52908
-70866
60116
-74554
53364
97529
90359
5347
23340
41290
21670
34290
-15555
-16501
52128
-75849
-87389
65253
57118
44646
-24125
-67958
39696
-28090
96923
44131
23487
-10681
-59436
73164
-19437
94519
-46844
11977
-88809
-27196
-88967
-89284
24985
29703
-86658
-12177
-66227
-40130
36993
-91181
14659
6926
1546
-38474
-31636
18200
-92883
-13563
-30410
-62303
76474
-73527
80846
43812
-49689
78100
52003
5235
55459
-43450
84875
-50738
-3994
42470
-95879
-73670
55694
74253
56935
-5288
70707
-98201
72520
-74492
12317
79312
-20918
41350
18481
-1709
-55616
-31686
-78205
38193
-81610
-95534
24571
32007
54180
31460
-933
-47167
-199
32919
-69726
-99617
64552
57753
17676
87401
-87476
-91045
45957
37688
85966
-98000
35185
-91675
3688
-13675
27898
94924
70434
23928
49276
74851
-94148
-78229
26012
34134
35684
-79072
-78601
-48890
60726
-56188
28057
56981
63563
40620
-1668
55245
-11088
50479
50904
13783
-69324
55464
-13911
-16362
-77264
90083
16984
-7172
6151
95139
54259
27843
-4153
82223
30491
-82590
-80167
82979
93650
81492
67978
-86203
-35411
-4884
28601
31423
-43436
6767
17156
43405
53973
12718
-70828
-25314
-63158
11136
-64503
-93818
39784
-18505
91232
29215
90728
-35028
68928
86506
50567
-51716
87239
-73971
-81012
29654
99166
4010
-42342
87223
-51683
-48903
-90552
83136
2209
-62325
-1319
-95454
92662
72139
-71470
56584
77425
-88593
19369
36140
-72254
-60221
-33035
91096
70854
86790
54776
-17953
96522
-62803
-62662
82727
80286
-69103
-30104
-24123
87466
4396
12499
-49287
27448
63901
-80193
-64821
12906
15861
56267
-97737
7131
49028
15511
866
-35750
-82565
67930
64331
-85018
13438
-69140
53619
-55043
52333
-22337
80915
4022
28046
65379
20085
-66281
-37141
-14953
-84685
-20605
-62596
99461
-60010
-22838
-75462
-47510
-69994
96352
-54340
64005
-63241
57060
43192
-72178
68146
-98009
48201
-73508
-7893
-2489
-8215
-76264
36670
69133
97739
83608
-28149
13635
42292
53928
-53137
-62153
-21287
72486
-11834
-59528
17841
-58875
5261
-14619
58787
-59940
89968
14009
-23797
-60068
-1883
-91996
94901
59207
25763
-58988
-89516
-56700
-61092
92841
33703
27570
46269
-50990
-22147
59870
-35229
-75195
-55174
80797
-12348
-15627
-89649
-6107
-59412
-74971
41157
-65178
-57213
-43729
75532
-1114
-27873
-39637
-19320
27205
68840
-21904
27294
-96463
-72092
-91220
-35482
46041
-36894
-35291
25551
-12500
71550
-78988
75542
34885
-29539
-93495
69565
-45989
77536
59127
96639
-55424
72016
-72699
-48451
38307
20658
-50442
-22726
49604
-32702
62813
-8256
49337
57494
-50945
-84731
-77142
41320
-15155
25247
-18361
19701
56343
69318
-54329
-69967
10794
-94734
-38188
-5224
29394
-99724
-52192
27397
31061
1087
46557
-83898
-6356
-33612
-8059
57437
-66650
-29527
58142
52094
-35808
-43255
69156
12116
85948
23542
-12332
-99444
-59703
70449
84684
3427
-43613
41924
-70800
25693
83350
69678
-58962
21657
94318
28892
18357
94833
-81913
-17592
28883
86070
-89744
67993
-72861
73826
-16734
96102
43944
-79647
89837
26303
-24521
73550
-2518
-47493
-29817
89652
62523
-76726
-84793
-86659
63856
24243
39490
89046
6340
41914
-1934
-69411
-26227
92751
-53496
48613
25881
99145
71510
31051
37496
-24734
15126
48181
-51266
74626
-1333
38114
89689
85147
-54914
-56670
-28486
2224
91485
-49739
24342
-56931
-74520
4030
11088
68638
-43564
-84172
-62107
38222
-97747
-58472
-61652
97211
-58963
93449
-56033
94630
-19741
-30768
-57993
58791
-66741
96818
38435
-5707
-77222
-45506
-13528
24836
-5312
-89320
66251
-88270
45977
-63010
-57608
-61807
32360
-44049
71771
12098
55841
96472
-70857
-71679
-92554
95444
82244
14032
-20542
65173
-78801
18602
-61041
70309
56291
-59952
37640
87667
22847
38901
-58392
-8101
-70970
-68657
38738
-65970
98964
-19794
91796
-6570
42942
10716
24864
-18482
90334
-80143
-55576
35301
66735
8351
-81217
46739
-3885
-90383
13043
-52715
91665
-29497
-11786
30572
-64209
-65105
27649
-65409
26000
60641
40857
-12653
-23345
-86270
71607
63193
73574
21850
-77417
6502
3132
-27472
-77728
-93682
-71523
52402
-91287
-58013
-22539
-75627
71464
-45295
91839
-38033
65962
-88562
87621
86276
21947
3883
-36858
40371
-73782
-23650
23334
-61750
70091
59963
95305
53156
-73743
86405
-78631
16263
98849
-33717
-56971
-23822
-85499
-15151
59445
-51279
15103
-60346
87347
26315
9441
-82732
-34558
-23270
85289
48200
-45444
-5516
-42632
-37070
-44338
-98832
-97911
87216
96471
94678
-67492
71538
31276
-85087
-30969
82692
7933
-93338
-57844
-41790
-15801
67979
-84271
-53912
-96039
-10672
-39399
70758
-33615
54118
73220
-74731
23345
3033
-65145
-35519
-8176
-20039
-87818
60540
50426
-36471
32262
98973
26822
-32061
52060
-73839
39818
12481
-5305
-41205
61894
-64251
57215
-51452
-97951
97183
-86412
76617
14851
26514
34876
-74531
-57128
64036
98521
19225
-11897
92547
70574
-15854
65692
-36493
96290
-99398
2979
34028
-96608
-37194
62499
85771
65414
20338
71482
99651
-62571
93283
-3508
98683
47139
-32195
26960
39781
-64379
11287
-53310
-27105
36664
8958
65136
48454
54446
-90438
96133
-30592
52947
29514
41396
39249
19632
-60242
-74431
-97536
2671
-15216
-10265
31366
62841
61148
3183
88168
-24379
55214
48100
-79163
80696
-66451
-29343
-30913
-31807
-6153
-73978
57974
-11053
19267
82484
83001
87814
61636
-36993
-25276
-80615
-27941
-49595
-52828
-53197
-46348
-96836
-65253
-88254
2340
19743
31386
-93646
64126
9551
-37999
64887
-96066
-63642
39875
-54245
58894
-87057
-12554
83725
-25396
10878
56915
-51886
-60792
-29886
-76985
62541
20448
-37010
-85589
-20790
-30738
-63501
-96417
1937
-13376
-62970
96462
23882
-91175
11931
-9386
24969
-88564
86447
-21617
-17717
-42262
65097
-95880
-56762
13233
-4935
11432
40544
94808
24440
-56837
-23782
33709
6213
-15177
73380
94685
-17366
53462
-70535
-30767
-55673
-64810
-48651
50134
-92524
83812
53102
59227
22036
-58117
-34885
-32833
-87689
95029
74315
18674
-70105
6928
-69527
-22678
75302
-94494
-9858
60777
-67895
61983
-7409
-40546
12128
-5746
-54998
-83433
-28184
27313
10388
74618
54340
-51657
-53434
94202
37378
-76101
49588
-47101
22259
35492
79488
-14963
-44631
44808
-19208
-93651
-58868
-3233
-274
17966
10938
-3918
10913
13178
-14142
-12995
87101
59337
9020
21778
8521
51266
67721
13081
60318
-86396
-47372
-35877
-45254
95704
-602
55721
-71658
-57737
-35845
81100
92307
-70766
9922
-89454
-77507
-5501
73138
34823
44636
82422
40745
-94694
91468
-50039
-62552
16464
-81240
25796
23193
-13520
22815
36704
-96792
-7620
-66052
98447
-9409
93021
-11774
88575
8694
-52442
-63576
752
27632
84945
-29061
65449
79194
3754
32476
-11595
57745
-58460
-79258
-92773
9115
-24878
-41105
96981
-22703
97590
-15290
88312
-71833
-80665
-57037
-95186
17444
-55645
-31382
-35474
45730
50819
-77390
-15630
36374
-2872
-28673
-87726
94583
65238
24793
57817
62755
-33029
46822
74689
60430
10477
-99842
-71707
96571
-26100
84571
29324
65556
-28416
54744
-56602
73104
-22871
50891
15563
17434
-56578
4578
27298
52095
-91024
-73701
-69386
-27494
-95360
34661
-4543
-84973
88974
72856
-60633
-82724
-47952
-71717
-79236
62526
-45620
32196
14238
28305
-87519
2443
66605
70562
70542
2017
-9945
2598
20833
28032
-56330
18486
-62484
-49893
94521
68564
11993
-54470
54514
-86392
-74231
-56733
76904
-68131
65495
-96299
78888
93217
14770
-73305
-24813
81231
24368
18617
22770
-18237
-15194
44367
-82678
97312
-74898
-1765
44807
92276
-67432
17205
77733
84659
-1253
64819
49959
8283
-91407
75381
-10281
-65441
-83107
-89250
-8948
46797
22866
-80669
-52735
-5469
74844
33919
16626
-83266
42761
-99140
-41658
31751
-20973
-88116
-78958
6841
-27426
7201
40411
75713
-75196
19317
67313
9132
12883
41263
19840
-39590
16280
-90003
30710
-52437
33107
9046
-85800
79157
-24516
80398
29516
-29392
-37894
49304
-88101
38211
41359
-23946
-87396
68447
24015
-8476
18977
92371
-49889
-72405
-59528
17732
5486
-76624
-63079
2575
24032
-36644
-74607
-7063
7751
63652
10112
-65261
-42039
44672
-50834
6452
-49656
-5157
48000
-61975
14105
-6476
93685
48399
91978
-54004
-60275
51021
-27229
6788
-83859
26112
38485
56411
55105
-82129
4492
80499
98927
41932
-92345
-47938
18471
81376
63306
-16808
-83132
51566
41562
93454
-83340
22037
26237
40127
88371
63019
-87638
-28033
18219
64402
-57708
31771
-81217
12991
-34677
-67324
85117
48128
60375
9728
-53933
13080
87677
58818
39967
-59630
81435
57271
45990
59305
-98779
-28883
-84107
-44174
28899
-43902
19605
-50149
-71661
-94174
20366
24805
-5999
43486
12758
8377
-66646
-28768
74551
-13767
-66948
-89080
46290
-96726
-6224
4851
16448
64950
-27833
-24835
92899
-48381
52372
-71750
-78937
-25517
-89967
-67046
-81402
7234
45419
26497
-35419
-90404
-83600
-42766
-63990
97317
90687
-98833
-44749
-88924
68404
81458
60359
-21131
15404
-78203
40267
-99458
-19347
40399
-24029
61454
51694
43362
-21616
51143
9427
-62059
-23032
62750
-55302
42750
81549
93457
34700
9550
48132
9348
-47728
75616
-96453
-9480
18046
36286
45708
95522
98940
-62976
27289
-76506
-88487
28855
98167
-96983
-31435
-1970
-88016
-53106
38303
30240
-84185
85168
-75626
57347
74711
-32955
3668
99895
-45540
52150
74420
81598
-65056
34147
-91503
-35415
82782
38541
-84031
-31948
86024
59324
14295
-68172
84933
-72906
-15100
21850
14751
-88291
-29867
-22148
-17608
75845
78524
92346
86710
46964
15772
40618
79864
-71416
-93383
-59667
49552
14423
-45690
62212
51884
-21660
-298
97068
86352
5396
-77396
45264
-84087
37580
13965
27435
-29541
74775
74986
2781
-65066
90825
54274
-77090
-1995
5375
53724
-41896
91929
63084
-44052
3086
-73259
68773
-34759
10696
-49992
36287
66477
90461
-31405
-93529
-79049
-11589
-25631
-30266
48948
24963
-54482
-70135
-92647
-48325
-89295
-35027
62628
65656
-2016
11621
-18327
-43278
-87107
-17267
-99594
-47793
-54234
77479
47329
99334
-41383
51936
64688
-21571
51860
-88853
40107
10034
-44605
15020
26592
-91711
54589
-71835
-5961
-34411
-60268
-12131
11057
95435
-28651
-39536
16068
8023
18585
-95039
-26112
71189
59565
-38670
-80693
48432
49774
-8137
66291
91024
44982
19854
-45725
12893
-27189
-99710
85000
46202
63958
37128
-9866
35765
-76280
74244
41586
44057
-66810
-16950
-1395
-985
1619
-22149
39444
49722
12447
10297
74356
-80559
80163
-17850
-42130
44518
13753
3034
-70800
-54457
-54279
-83307
94202
-96121
57945
94957
-39263
-57615
42457
-33937
-56209
68270
-95520
-69091
72294
60994
67240
-95401
-56753
-29342
25612
-96656
-94172
83441
51112
-51016
-65756
20633
43561
19995
72308
-41090
93599
77814
25890
26967
87895
15144
14978
-21720
-63388
-26717
45560
36753
24395
4152
85391
1737
86311
-62048
32326
66814
5437
61545
68924
13418
16787
6851
-46360
3647
-98206
5114
82903
2177
37974
-80918
55220
58286
-5575
-28664
68306
17373
85196
-51149
-44394
66080
61346
-83246
-96126
57182
-1036
-83321
-50967
-80554
17626
81525
47406
-4881
-38023
39134
-8493
-20806
26733
82971
12250
-46672
-53475
49857
-60253
18039
-16511
-89763
89051
-90351
-49329
41963
93584
13609
-39596
53275
75606
48155
-6208
-38754
-86918
-75681
82530
3677
-20956
-62539
85008
94935
56017
74486
-53025
13531
97795
16784
44023
-64006
1829
-48646
-33888
43446
-28850
-53144
-13852
-63907
-80521
-63138
-94623
17133
-23094
50179
-23951
32077
-24813
-87035
55967
26917
-91896
21059
-72506
-81907
-13675
-56721
-78695
91388
60663
28590
-28737
-79343
-78119
61885
-72576
-42900
97564
-13512
-10840
94960
47331
-59247
-47346
-98399
-74154
11494
65743
19219
-49061
-49142
61935
78384
87273
-38781
21658
46650
9403
-72294
99804
32718
-3076
-72598
99327
51033
26315
-18765
-86553
-11369
50470
88408
13534
81979
-2297
-14419
40416
36900
62897
54598
35744
27422
98848
42197
-46246
-57947
-29535
-26029
79784
-65344
-42434
-549
-25214
-44038
-18291
-63188
-58970
94209
-59275
48355
-47789
-58151
-5504
-40640
-20821
86205
-18814
-61396
79243
-36400
54435
-66675
-1582
25236
-15678
78880
6426
-29458
95248
-56089
-6860
-89508
16204
59275
3846
-20526
-46368
-13322
-38597
-1296
-77601
19358
91925
-58391
-8357
52159
73296
-1350
18950
-73934
-17008
59506
77448
-93267
92899
84594
75797
2872
88964
71019
16823
16851
-46156
-79973
60366
-34296
16875
-12043
34385
30494
87962
85680
-46058
-5421
-59646
-60312
58065
-44128
-38665
49892
51975
-77822
-38057
30194
-45230
57305
-912
-57075
-79204
7147
57664
7140
38070
65439
85748
-88611
-23458
-83497
-31955
88524
-65409
-21871
-40814
-45486
24330
81043
11460
14733
-68300
-94560
57218
-828
43933
13942
96701
40269
-53386
-46268
-39784
-5021
80534
-70814
-76123
-85737
-13313
77207
1080
39864
53270
47004
80552
33252
-80762
72413
36525
48022
-26427
-74214
14631
65415
-95959
-30321
-27229
59854
-58007
8789
60647
-56368
-51285
5625
43475
-81403
-40044
15821
-85134
-11599
38208
90704
85438
-9097
-34124
-19821
-13124
32025
-39414
10419
-29155
15179
14404
23148
-48874
38140
1428
49290
-72903
-57178
-89458
-49722
51181
-35240
53275
-66081
21149
6659
-77212
-66071
-40723
-69953
-64894
-78109
-43119
-88736
18129
71048
20006
-28080
-9730
20699
-26958
82323
-20618
68856
97010
-89438
8572
24526
-42686
15420
-18227
-68992
-94797
79750
-67686
49061
-53624
1865
-27236
-72226
8015
-15229
-43031
66970
85118
67822
-7439
-78137
-63831
-65632
-65677
77987
-10182
46249
-98759
-13944
95311
-74333
64691
44035
82048
42540
45086
85505
41123
-55303
97999
-90206
44327
-2945
77115
95416
3942
-78103
46435
73171
-57938
97478
9910
4812
-22679
-31462
85168
-65624
24490
-97253
82512
91205
-95505
-3046
-37364
91485
-98518
82472
-81332
90571
-27912
-80588
-93197
-79945
78499
53859
2170
-78406
-36105
-15782
80601
-17461
-65515
33680
-21500
-23431
99822
-26724
56358
60299
11657
78613
-73329
45287
-7212
97018
27880
-81009
-86987
-26388
-92717
39996
8160
88579
67636
84839
-21436
42050
26707
-12467
-80387
-62995
39129
-12329
-30870
-97760
-44972
-258
41242
-92132
12469
13861
54041
22238
-99744
37761
-46138
35399
74974
38223
15526
7188
-79948
-34746
-55221
-78230
24508
60343
9845
51444
52073
-58866
63926
-54674
-67766
71107
84162
47368
-75288
-45238
-84805
69608
62209
70253
-34636
23203
-59583
93183
-78982
28342
-20737
54262
-80664
15531
-82057
72040
48892
-4742
-11557
22908
-27867
65850
70085
-28172
-70678
-6972
39805
44769
-79527
40963
29064
-70888
18844
-13169
48485
66416
-37049
67662
96252
-90720
51785
34732
-26779
-21507
74960
98866
-42272
84729
-29507
-48214
-78619
7295
-4559
79275
35522
98293
62327
74008
-74295
52465
13539
52882
-11058
65894
-72933
-95958
-77127
-63352
-17965
-44986
-98759
-68948
-23806
-58592
-2941
67765
38967
-46433
-71936
1851
-43671
-89807
50106
-59053
-72963
-88022
30210
-76550
-17913
-98115
37836
-44434
24269
-96268
41565
-98556
6745
-96454
16912
-93063
-84627
23231
66697
20479
32462
-60939
-34749
-14724
85255
-64017
6203
37510
70774
83238
-45857
-85904
-50359
86506
-8757
-7180
-75278
-26561
84031
-13566
62004
85034
40583
37513
-68519
57172
-84220
17354
-39970
77356
-18685
64752
-89295
68995
-18732
-3968
23407
-92753
13684
-21879
81999
-11788
3261
-17440
23066
-52939
-75994
-41267
57691
71045
46686
85048
57305
-68981
-21837
-16265
83879
-94241
3798
-70447
-10821
-88640
72217
-21301
93478
23705
-30489
57854
46344
-60889
-70253
-68477
-38897
86261
92599
26877
22367
14745
-23898
12371
-81283
67368
-10253
-2701
51796
-29982
14117
96646
5627
45103
-9096
-93186
-53696
-32132
88877
30091
-95610
24841
47070
78717
-71748
90603
10635
-68510
-30019
71673
-13492
-92717
-29389
-78552
32905
-69637
-68258
35205
57647
37128
-36271
4698
40268
-38074
42105
-64307
91619
-90577
98480
84945
-67577
99553
38562
80438
-66351
2997
-44621
13520
32210
-36314
59771
17423
-37276
-37731
-46849
49875
-93839
86777
32119
24161
-62329
-90222
46459
-21937
10002
35094
-59048
-37176
5769
71387
83648
-21055
59735
88250
1177
18465
77919
29303
77653
-49911
30800
59467
83800
24487
72720
87185
83883
82277
-53735
23438
51249
-73776
81243
-19511
-48990
-6965
-5692
79612
-73416
-34955
27652
23935
-43135
27522
8472
-31503
21914
-53288
90927
-91815
66692
-81307
60491
-32576
77363
-26412
65885
-12422
-73858
-52806
-22210
-17859
98615
74916
88566
-97582
-41788
39573
62312
-73219
56558
14552
69557
84744
92641
-93631
86304
-71721
-14726
8946
-48717
-10946
37491
-39267
-62576
46035
3816
-4202
40580
-24563
91394
-3261
-84620
-69292
13323
1602
35767
99228
9285
-24708
-24205
-7705
36628
-25131
-35061
-8012
83494
-27206
46799
24346
63608
-46558
-25566
31698
27196
6867
-11773
55211
-51240
30218
-44194
-42710
79920
-24845
-52153
-54682
13673
16561
57866
-87054
-97696
-33301
-43126
-57293
-88638
36431
30209
-981
-94071
-25490
-41074
-40198
-59440
51814
-56674
13695
15620
16896
-65869
-53779
6210
45389
-12455
-34440
11915
-45916
-54635
66373
-93656
-67799
22670
47000
20711
74595
23522
82709
-76824
-80179
-67160
18752
-24608
-19920
-98780
2379
84718
-13581
-18839
-65443
-17194
81796
-40715
96624
7128
-69788
39171
-51723
51793
79010
26958
25919
68678
64428
15756
45376
-1976
-30866
-57180
-95518
10819
-69034
-90890
91493
32854
72069
36491
-20013
-55460
40953
-61451
-72633
44032
-73473
56429
1419
2084
-94859
52275
51579
80835
-32549
63135
-84658
46812
-62349
20935
-52114
-84774
11063
-10382
41774
48840
-54637
-15579
-47808
40721
-43776
22031
-4035
40337
-29654
-8525
-89599
-20572
-15229
-42693
88695
-70284
-8949
47258
21583
-25682
5357
17662
-31033
86894
-14006
41147
-65041
19708
-63874
8742
-36900
-66802
95629
-59630
16942
-69912
-2702
48628
-24968
93607
-54522
33759
-98677
-72437
99120
18441
-78111
28839
-21283
62773
99489
62795
45272
86759
28692
-59951
10418
78956
24657
84112
-86323
-77108
-52359
-30495
81063
-84845
34301
9287
-69779
80033
16329
-86313
68791
14838
-13458
72293
-67409
89110
55938
-14192
-85168
39063
-64027
-67150
-13965
9026
-7941
-82499
40146
-50752
15691
4502
70353
-14717
35071
-57263
28928
3461
70465
93832
71081
19726
-75529
-78175
-18618
-96249
73220
-82285
51178
33935
-91041
-6707
-70318
6901
97905
77671
-61932
-56844
-99536
-51646
23511
84894
-66743
-28848
-33453
-11686
94708
-21941
-29041
-20301
-2981
43214
-35860
10046
51191
49790
72866
-36332
-91159
8055
28352
48229
-85316
30391
-15594
87832
-62470
-65309
53043
-58158
-48557
10018
60761
47636
57799
-68207
-64820
-6346
60463
-9666
-17370
47805
-57998
75700
53403
-64702
10857
-88389
-48770
90613
41293
-82758
-30844
49956
48212
3292
71779
-7788
17217
-50371
47515
59737
37604
62815
-56911
-44979
62416
35822
-45581
-18549
-63404
-69304
-89461
1987
57697
57449
-81586
76782
84654
-9916
-42900
31311
59724
-56400
94841
-4757
-18595
80975
-81282
2543
12471
16598
-6628
-59920
-41043
61092
-72111
-15949
34317
77909
-13510
93951
1816
68355
-65317
-80053
-17666
-86879
75825
-23054
-7608
17325
-24995
59572
-69101
-37780
-76209
92013
41929
-84646
-22712
-40090
86014
-35093
42582
-4166
-73699
55309
-34269
91421
26487
-6607
31427
40039
91206
23037
-90665
-95136
-36638
-90068
83364
85493
63395
8174
98146
-48241
86501
3662
-60503
-79747
-39814
-58485
-25985
84742
-9359
1872
24799
-55396
94044
24703
28742
12669
-36218
90769
51709
60097
9931
14530
-33903
-39494
-71706
35209
-95377
55193
-2390
99858
23880
5371
14181
-89601
44759
-19552
-16740
-59111
-33156
3092
30667
-32745
60374
67149
19882
84466
92574
24003
-6245
-46641
-31923
-83625
-35037
-65653
68849
-6694
46466
17495
-48805
45648
-43525
94342
-30891
24950
12641
-27526
-56520
-36807
93198
89267
26276
-7250
15944
32326
86696
2883
86658
74281
-84820
20715
-91
35085
-80222
27390
-63191
69195
-67328
64353
-57454
-42382
34176
90761
-36746
-63765
-96584
-71634
-36546
26994
-22046
57303
-79289
54804
96746
-67341
-81603
-25511
-86448
-43767
45313
28508
-85346
45451
11521
-21450
-89362
32717
-81355
-22221
-28426
-6301
-34230
27907
16789
86564
-956
-50449
-98488
-37924
-98357
61929
-19256
-16593
77924
-42524
19615
-6562
21917
-51379
38872
-63907
51534
-19976
81550
-25877
60660
31634
99024
56737
48673
-46100
65009
37679
24626
61179
67098
72416
98470
-8875
-81469
-34231
48377
-85181
78095
-97624
-16415
-58119
85488
-5031
-61693
34799
31340
34558
68783
57852
-27123
-33682
1162
23606
-89942
-70131
-82990
75574
-60925
42057
-87796
55144
33716
-34636
89232
-22137
64068
79548
-85419
-82591
66386
-43762
-90108
77765
99022
75833
-99672
-25376
-87502
-31203
39095
59081
-11727
-58118
-32049
-12946
-79360
75709
-3313
-85188
-82470
-26827
-21601
-18499
-29455
77523
31835
75699
-16414
56435
85135
-37464
16114
48537
60072
53725
76638
-97082
-11539
-8237
-85483
58486
-6177
71729
83074
26154
-64654
-20661
-99126
-54427
94674
50303
-93582
63343
23219
966
-69932
-78420
88583
60458
19766
73948
-94151
-37081
19715
24752
-31086
56887
-21098
-47566
-76813
27797
21961
70874
-82446
95648
-85709
95335
52010
98281
-77582
-91875
69045
27210
25645
89026
68393
28294
50810
38137
97437
-91228
47329
42699
33375
12648
-17623
28585
8770
-20458
-94288
34110
5605
52903
52443
28262
-21662
57914
54939
14822
85635
-15820
-48619
-55293
-85205
-64731
5107
-66624
-95855
39573
-70202
-97939
-9871
-37356
-94981
-97645
82897
-67294
64291
73789
24842
-70030
-4643
9778
-93093
23044
47659
19386
-80314
98583
24786
7140
-17526
21350
6748
-31791
53675
13069
-56508
-48623
-21550
22184
13736
-75575
-28175
33351
-46185
-32217
59322
32002
-2762
-23795
-55703
15463
-42593
-46346
86946
65154
41192
-18949
26190
53431
58294
22253
41217
-19082
-36404
47170
-89250
-97762
-62603
10548
18853
-39146
52417
87790
-35845
47806
-87662
-59048
94199
-56222
69145
33598
-31565
-24025
50114
-79477
73215
-920
26422
-70564
-6018
77438
-34561
-34643
2711
67611
84363
-7855
4778
16953
-78555
-65013
86413
27184
-73492
73373
33358
-53308
69335
1120
-77992
4770
8047
-65728
46645
42954
11496
-57881
40368
-29615
-99099
8167
-38177
5279
12419
-4629
18444
89755
24230
86178
48819
18288
-48046
51509
-13451
11009
53715
62430
-24815
22336
-21914
-30397
-99089
62122
843
45288
-47128
-1690
-18883
-37117
32855
72940
9647
82481
-27433
88540
-72890
-87840
-68501
20587
54134
99237
-80884
90234
-29715
-35716
-5777
58834
-2786
22267
-33291
-49297
5698
-63478
-81818
-96454
84429
72686
40726
-95429
98610
280
52341
36050
-6028
51736
-59203
49404
-60633
2877
-16341
69853
-23103
97824
34812
-75395
2049
29053
93382
-49179
-94146
-19191
94981
41770
76080
44995
-91735
-8132
35880
78812
-77124
70593
-35611
94955
-5413
3236
-40063
-43871
-73931
77647
-24649
-92258
66681
-56889
10242
9663
63456
-4131
-97864
-64633
84563
16684
22354
-51690
-82932
-83051
-16811
21133
-97764
28659
61125
94252
44473
-92792
25353
-22489
69746
58329
84053
83103
-23695
-89276
-99205
-39281
40714
2078
-82728
38967
-74770
-93745
-49416
26234
-97518
3878
55959
84214
-92732
51742
71632
-65167
-59026
75435
17089
-37983
-68363
-92529
-24590
631
-60256
-5778
-18540
-96107
-38521
-43167
73166
-48138
13801
-54550
-19462
-71851
-80239
8426
48091
-61603
99822
-92697
-80519
-88221
62836
-9299
-46342
48599
-23769
63321
-68559
-41050
-18360
-82708
-59962
-9632
91455
-65989
80233
-68873
-28588
-14479
-93607
-66582
47857
36544
63484
69225
31049
89569
-6754
-53914
-8212
15141
-77974
70123
66802
-7399
27813
99842
-33220
-9242
-72150
36627
-12761
82847
44666
-25317
-63480
34406
-14625
-68582
-27158
-82031
-13572
-63651
-77734
-44530
-61930
47590
-38858
23071
-48328
97320
28797
21536
65544
-13617
-53305
-79352
53468
-79780
-77452
44302
46110
-7610
-33733
18213
70536
-90167
-64768
46649
-24541
10906
9903
96669
50719
-26560
-64036
-32601
-65582
10606
-89146
63010
49967
12325
-90521
-19179
-65252
78170
-41131
24464
-19655
-14004
-73240
13315
95035
-85775
94838
-81165
-20022
-78270
65357
79607
94048
-49030
96162
-67659
-27360
-34595
-82994
-65983
90595
-46275
-81684
-68502
19966
-84453
51643
-20560
-86904
11573
27353
-14949
-71741
8534
-91250
-73113
37507
-55106
60108
17810
86785
40587
-99146
75565
-53681
67775
90857
-46275
50018
29893
-81389
93481
-85691
-70406
-10162
-25755
-90046
48337
73854
-47244
-59045
-6379
-18182
33042
-27724
48938
-230
10204
11846
-64334
53338
92992
-51937
97893
-79588
9095
-747
74648
81631
-8589
-29666
24998
-76663
-82926
6884
82895
47517
55193
40076
18468
48895
65457
29079
30644
-13350
36735
25722
-14335
61439
-47095
-13573
79481
-21548
-42126
-29797
53480
-48380
-35778
-69758
27222
-31915
52236
-60672
-77588
14261
59864
23271
-71081
17396
69797
46993
-37813
-25233
98395
99573
-21453
-73028
56286
70962
-88020
92247
-67988
61674
94040
98106
17045
23675
43602
11405
33609
26117
77129
812
-17719
82850
9069
11500
74439
63491
6995
72354
56069
44134
29266
-72039
-94701
-65589
-90390
49988
59084
-79361
71792
-44108
27081
52853
-84641
-29960
-81824
-57175
47259
-58295
-85390
-74050
50651
-612
-6526
-74706
-8293
-95593
2836
-17908
31893
-14983
-58240
21085
34138
-81452
80834
35156
24625
14077
76851
-50442
-73405
-54919
-80417
70893
55279
-49203
74248
15477
76359
-85491
81361
7967
33396
8594
45234
-13125
58748
-67679
-49993
-42507
99134
-37029
841
-37452
-28611
68531
31550
-91630
-39771
20037
-33129
-43516
50425
21340
-15982
-40383
60707
-91879
-90677
56838
-4427
70346
1283
-7425
45617
-13814
25253
63976
-74804
-67732
-705
-37014
-8588
-23463
63897
41397
-85342
-54024
62451
-66608
-48679
22913
-17954
-78511
-8115
97752
-12531
69988
82470
6091
-82129
-36328
-98592
54947
51087
48456
-41890
4457
29662
44187
-8269
45663
-16341
-24108
52797
-66539
-53853
-29157
-92279
60506
17109
28043
-65115
2231
12177
84933
56893
30829
-34817
62504
-38678
-16307
31095
-20844
24078
-70167
-97409
11337
12222
1307
23222
27747
-37852
10755
78936
-65823
48965
10169
13742
62885
-18549
94588
64824
-56143
-86312
-45009
-75035
-53134
44589
96486
16290
-42636
-3032
46223
26297
22808
-58848
53437
-26577
2534
93755
-58495
-4350
9690
88732
41275
-9598
71142
44709
-15357
97636
-94281
78286
80596
92946
49333
10568
-81545
-92103
41037
22524
-30111
-31286
-44393
-70557
65461
-12048
-4238
99526
54677
51692
18526
84558
90569
-45654
51995
71786
19185
-92890
-24171
13956
-21667
95162
9017
9070
30697
30221
96983
44400
56827
-35110
-7156
4050
-87515
-93092
-3326
82470
-73800
81234
-86711
84219
259
89362
-62428
79807
-88962
-24541
29686
46701
93890
-11742
91588
-73289
13558
-66647
-63186
33641
45029
-41001
-33107
30290
42139
48107
76319
-22943
77923
-95057
-32858
-35151
41829
-40149
51632
-28289
-44955
-56764
-47660
15587
7937
42870
-86582
90709
-17815
69460
96709
-52997
-40618
81993
25924
-75878
-66874
-42477
88468
13191
71760
21758
-17583
-66991
3073
56844
-90211
47024
-5725
-84008
90251
9677
14182
-30557
-28248
-12737
-92096
99972
53548
46715
76630
95498
57239
-16247
-23238
23932
48924
98766
46712
-88757
-41132
-81232
60362
-48157
-18994
88672
38160
-17864
8897
-92945
-51975
-48161
30400
43658
-68214
13177
37608
93302
-12335
-78630
-84375
-45479
-23617
49807
57220
61508
45434
48611
25704
-69314
-14551
-46820
52365
-84216
43427
-85305
79038
63908
38596
-66052
-75077
569
-4517
-23765
78777
-6388
15446
-42612
-40915
96257
74252
-59364
78355
-88018
57125
7585
83807
36212
-65607
84657
-4395
-4371
-52173
-81938
13189
-49994
-28887
-59648
37321
-13985
-95406
50669
-77404
-5182
-91744
5493
-65933
94274
78763
-54903
48756
-35730
-43960
12660
-4767
-80372
62596
67558
42683
28107
-44350
76582
-63463
83096
-74230
33746
-22790
-69554
-20043
-8854
-79409
97921
41768
-27985
36260
-69416
55963
-41447
-42106
-14849
57185
-33295
-695
54406
26294
92988
47954
10294
3032
5928
48402
-86050
60274
56449
91594
-92757
-33276
90018
-66252
-52013
-35117
-92957
-91931
83478
-74297
-17743
37242
-89962
-78457
-44235
-24959
-83499
-24947
91747
-74796
-4912
-34033
68393
-93744
-55292
88564
-66125
43033
17717
-85755
-57890
-48275
93108
27502
45909
3449
-8748
53943
-95514
-19572
-64984
-59112
47119
67413
4555
94223
3093
97820
-2345
-42918
-19040
25763
-80610
90372
86621
-86338
-61594
-54592
6842
72544
76388
18069
-87439
8573
33721
-25710
-62498
-27180
-25997
12731
-45716
-52003
-35942
-37683
30950
-66511
47953
59517
66209
6897
-24468
-62269
-72802
-98289
-78718
7694
-29503
-93784
46587
-8755
-42181
-31207
-44833
34155
-15988
-90624
-9915
-24427
-81333
-38016
1237
45139
-60228
-56842
-61273
18420
41944
-78772
93667
55396
-57683
86242
69440
-47299
87994
-19308
-52943
-63603
-64106
-48474
76395
-27726
-3643
-78669
-8591
-46250
-51655
23882
-32119
-75079
61059
86180
62410
96889
28945
14464
-59244
-66938
9510
78101
-37328
-63938
-80918
-29091
24010
17973
75712
42115
63481
-26610
96429
-57111
-53837
-7160
18571
59871
89091
38977
-24030
23340
49532
24101
97335
53929
84167
-62798
-27243
-50566
28190
-24723
78319
94208
-80569
-21995
35414
80201
21084
76440
40452
77754
-4617
73347
16688
1168
-55928
-8632
-43309
6289
16481
-87768
16752
-95347
66397
89970
-25711
-99543
-63804
-87048
5354
-52442
50246
53192
-64942
29470
1702
-84507
76875
-30320
-91121
-82415
52849
4024
67229
26100
2257
-68410
36562
-82625
-29714
-88976
-17315
-76853
-72737
93140
26718
-6495
86689
59478
66171
4815
95028
12016
97064
97045
167
-30603
-10071
-23565
-48875
-18598
75923
-46861
-36716
-71993
-54091
86025
-37251
75602
30232
-35081
-82470
-36175
14753
3963
-80287
63039
-20200
-9134
-84912
41350
-5670
29123
-97671
54437
-63403
16081
-29222
42872
-19658
21456
7593
-22092
39254
-74673
-31799
83861
-98245
-50647
-3221
-49011
-23678
-9201
-19275
61348
-44052
-73580
60556
-79471
-42152
28279
-49944
-86562
-70912
-54924
-42088
62017
39590
-49497
-77400
89330
-46574
79883
15519
80263
-85465
8460
84700
59059
63169
64460
-35492
-86234
12509
-48408
61344
21740
-65922
63943
71395
82158
7797
-18220
40602
50702
-68911
-75828
-57495
52652
48982
-93499
42400
39054
4913
-94370
58145
57251
-59530
-37837
77657
-37216
-56334
10317
22824
77897
27435
70535
-43118
-27985
56818
-66840
96906
-24821
29891
-94449
78833
-79121
46388
-89777
17323
82896
-24264
-79417
40661
19796
-83409
-27673
-38527
42638
-96859
16083
-42546
62520
12215
23173
-38579
85329
36656
77224
8999
-43676
-47944
40355
-9919
31451
-67288
68540
87718
35213
-14677
82434
79372
-77761
80917
-42295
-89
-6477
4567
73980
-46868
-15038
82072
-82329
-29190
-83955
-65504
-85960
74906
-38609
-29029
-69442
-45720
-92743
-65631
-2607
-2364
-73828
17836
13062
-81017
48357
-93672
-68054
-73061
-54767
-303
-18923
-10581
17897
-93196
-11763
-55277
52810
110
88870
-23895
58832
-4151
56029
-98113
-51352
20691
-67860
-45128
2200
62477
6581
-32785
63960
-70418
-3460
83973
-80007
-35910
-78071
-99992
-9050
19787
22764
62913
-28552
70715
-25911
-44471
45739
58693
-31144
-53171
59986
-55440
-89215
42281
-18968
10079
-73825
81804
49629
-40577
-43456
575
-2659
-54901
91693
-87549
-5662
45798
-92621
-13595
-56230
87471
-96059
-26626
-57565
42647
-39401
38436
19678
-49135
41200
42418
29939
37573
79915
-8963
96712
-28832
-27636
865
-97274
79396
-97562
-43125
13516
-27721
-5966
-62745
48826
-91597
-695
-8778
-90810
-56951
-35814
-1110
63660
-17933
33173
-38758
59854
43001
96600
-26265
50051
-17468
29013
53913
25112
21171
79143
35176
-65748
44984
5372
-81910
-73646
-82945
-3979
-81667
-46838
24871
90994
88834
69395
-53527
17362
-6972
-2169
-19800
-56159
9543
50909
58758
25493
47299
-99081
-76440
-43347
44105
-45186
-81010
-76507
-68558
54487
93427
78340
16465
31692
44705
-20036
-79313
37288
60052
43254
4094
69082
-11884
-84632
-71746
18007
4683
-65986
93681
52030
43285
84659
-9368
-90610
-40893
31721
-99649
-24803
84720
-68129
-85859
47239
-62584
41537
-92768
16628
26969
-49230
4485
51830
-57726
-18496
-78415
-7226
63247
46200
-29980
-64586
77917
57369
65298
-61791
45209
73553
-35429
-78982
-65491
-30887
79592
41143
-74496
42860
-16834
33211
59992
-42890
69950
97482
-97177
7408
75102
69076
-41558
-60988
82897
90099
-86815
7884
-19973
12713
13755
-31567
32228
4856
60618
-5690
82901
-40236
88759
-17396
-98591
26687
88358
97367
68661
14395
81395
-1557
-46032
14342
92744
30765
-75923
13205
-2693
55680
53798
52481
-73839
-89490
-5470
-41996
-40878
-37643
93753
64872
-90469
-43608
35371
-79117
-88376
4339
80857
-74309
-37754
54003
30278
50562
77511
-76292
31696
4357
74139
55403
3974
17582
-42167
-86438
3795
81569
-79376
-66746
-56036
-45180
-50047
66657
-15870
-8343
31709
25668
19842
79077
-80636
44752
-74543
11606
-83196
86620
-84456
-99207
-43437
50662
-58895
13900
68257
-7603
99604
-40257
76606
13968
-92594
-38948
57250
21176
-54322
-36731
71591
-16389
97921
-34753
21792
-11598
14830
-61904
40600
56429
-24240
87010
24064
-70200
62274
-47727
-36170
-51100
-24883
-63771
-99976
-2297
-33116
35119
935
-24923
-34360
-19887
-76572
58177
96400
34689
-99575
36814
-50185
11211
-90706
-39884
51452
-65511
11001
89754
86876
-33353
17191
48968
39685
42701
-12480
50497
23231
-88680
-3478
-39294
73327
-59690
-40507
-9186
-12483
-85986
-79282
-63205
95636
-95289
99707
63632
1090
-41879
-98628
-84905
-94180
-31764
-93187
11913
78692
-25547
-71107
-35771
51593
1801
-56554
52656
19884
-85006
-66943
29175
-50134
52264
21915
36970
43704
-64970
-78931
18079
-10736
28273
-79480
-6707
-78616
44422
-45010
-37587
-99008
85322
65711
33678
-28080
-28718
-82057
-88318
-28036
91004
7836
-44208
-95273
17747
-18580
-99525
-10146
14441
-82087
8083
-3404
27199
-86490
80849
-59435
69863
-46410
60940
59609
31069
-60493
-49061
98461
60110
83307
-50283
-33896
56460
82451
61156
57768
38881
-5117
70483
-19329
-36579
-6267
-45994
85313
11656
-20942
-61637
50699
-82365
44552
-46862
-6239
-34038
29115
38228
721
86139
-87510
79841
11460
53554
-47844
-84176
-33394
-11129
-43632
-8980
32167
-58664
-53363
-28026
42089
-70602
12178
-95972
98607
63949
71816
17048
-30101
29991
-18792
37566
39065
-85298
84592
3628
61972
-41563
-20053
79582
24249
-46548
-8641
-15275
-69267
48658
-1052
35819
29235
-24190
-5301
-65289
24525
12299
70527
76594
-29298
-68057
61529
1339
-51666
-52527
-53182
-50035
51214
22270
92568
-89440
26303
22045
-5779
12148
71582
-12404
23134
-79796
77398
-72334
-7030
-95346
-18925
95141
-99069
-92697
-24350
-19732
16418
58514
91536
-35213
86509
-66344
-1533
53385
68318
-65064
61428
-31208
-67519
80537
21889
3106
-22397
64766
-36569
-1145
-62378
18283
-29440
28173
6758
35487
49526
-78840
-26137
-40084
31843
-75749
-6119
88094
331
-42206
35671
-71224
-4688
-70820
34847
71724
90480
99902
-26876
90512
27895
25126
-24258
85662
14474
-63629
41878
34338
18442
-36347
-46508
-74966
96270
11779
18905
70028
28414
-35811
15577
-76009
81593
17639
-32800
-54289
78474
-70168
-13948
-16171
42163
-50458
-75051
98232
40313
46725
-30416
-10509
-94826
-78663
-88286
60407
-43786
25626
29527
-8956
77152
69509
-15986
-88963
-72831
-30092
-43666
-78252
21304
93113
88552
73822
-518
57882
28366
-16083
-57590
41575
81324
-26396
-19318
-68305
-1593
48045
33644
-85476
-1480
60650
-10854
95938
47767
-49203
-94391
-31348
51673
-71329
-5103
-34373
-53225
52663
96128
90893
-95536
-89175
9456
79277
-96794
-34927
86658
-39621
-29064
-24025
49179
41489
-43505
45837
31594
94556
-91501
3250
2286
-2842
50512
-79594
-34674
-88655
-14794
-42263
76371
-12636
32686
-26822
-33633
-5076
-84571
2933
92570
-79081
-27380
45213
-36849
91135
-46067
14267
37829
-33388
59495
33945
-74844
-64827
-26481
-79929
-96931
-47969
-86461
24120
47427
66905
34930
16579
76266
84424
-35698
92496
41007
50778
-98203
2308
-99897
-75724
-91344
57898
-61563
30098
-80220
-96173
-70270
47482
87428
33475
-47597
39612
-26686
83510
82520
30683
-74656
-61170
-95801
15172
35032
-55031
-43197
-6298
73344
9907
57090
-79970
23473
42296
3016
31428
-25840
-77611
-40745
-63752
-73720
33966
-89706
-52656
45928
52451
-64589
11751
-42811
-50567
-71397
83865
14220
61382
-32616
59736
56299
35872
-76287
-56454
80465
71336
98767
21845
78448
89484
-44503
-38345
17047
-49884
-11437
860
17984
31427
-37116
22395
-68298
24055
-74343
54154
-68844
74945
76749
-19138
23122
-46243
75212
91534
-90248
58913
-85422
31183
19368
85506
-64071
98585
93290
58398
-10392
65354
-80260
-6437
23346
-151
-68163
5128
-32350
49958
-22172
-88811
91206
-1641
-17572
-14554
-43748
-58078
61308
-94693
45007
-17720
-95623
93372
-98780
-40064
79550
-7451
83143
95755
26077
85729
-44424
-41188
-66269
-45994
-42376
-4710
-58606
-78703
-17340
-85126
92849
51824
-8119
-98652
-36150
-59063
24857
-15162
17959
40554
56218
85604
791
31840
10505
-57409
-65554
67678
-23419
-75267
-24417
-91684
-65072
36602
47269
-74709
32967
-33909
88061
-44015
63359
-82787
-44899
87763
-72700
-25155
99067
73351
47776
-31787
76868
-70116
-13649
-93497
-93537
96245
67569
-43902
-34675
73152
18907
57109
-87606
17019
7646
43882
50983
-14201
53199
89272
6427
73530
-33419
69254
-17550
-54792
49933
2546
34130
88514
-76797
80696
-54573
66032
95285
7942
82187
-37406
-99801
88575
72955
29913
64427
94906
-24838
-14627
-30898
83532
12668
99175
-94923
2931
24328
25234
-76267
14922
-76151
-13884
-38782
-68760
-27844
45463
-52404
-46670
61505
50766
-36769
55683
73634
61620
-59559
84825
-86781
63562
-15546
34861
99260
-46070
59928
36748
83834
90773
-33856
8363
-57875
-44461
-79748
74273
-48477
3493
91933
69230
92188
-39294
-66043
20865
-18747
-65413
-39604
-36619
50356
27912
23030
31924
74799
-89090
77438
22536
-51583
89627
-80606
-75545
-24007
61184
-94918
707
77683
82996
31764
74834
-95923
46701
-10458
-10219
-73553
77920
-49295
91782
-70070
-46033
45841
21844
82460
70040
47333
-63837
66814
65008
36550
-65767
3582
-65369
92092
46670
-8291
-88018
31284
6289
-8729
-32173
-44119
-58841
-35882
-6640
30630
-5142
23240
-85961
52022
-85160
-25494
49919
-70197
-20511
-39896
26898
30796
20919
19128
5105
78255
10804
64861
-17032
91863
-89668
81460
80229
-92564
558
33589
66190
-10508
86160
-50935
-76742
97617
-53724
55414
-53713
-57776
-14205
-78730
-32152
-27985
2734
23645
10244
-42282
-35077
-74365
58635
-81974
21496
-29252
-32381
84416
-40063
-58451
93497
94826
72645
-89188
92943
20205
-25201
67000
-64844
51784
93417
-393
6924
-21130
91395
-66447
-74132
31466
-9377
-98341
-66954
-66466
9072
-30779
52626
79472
-99742
42207
-77922
26951
44145
-53166
91874
-81923
-54688
37329
38193
-18574
24494
49521
85426
-9037
-6832
12740
66978
60924
-62414
-68637
-36861
-88321
59581
-38959
34441
25023
39771
6116
-32051
20843
-7672
-7403
23832
79650
-99597
-40250
86886
79404
-7461
64944
-12028
26522
-90555
-92060
8491
72901
-41641
-12276
52041
-63545
85664
80947
85785
16295
57012
-14201
-1721
63141
72574
-45077
47588
-21482
69590
88439
-30782
-71936
-67111
47793
38246
75154
-66007
-12091
45177
68044
-26999
65390
38959
56939
11674
47766
8110
-44145
-81206
13020
35847
18585
-85863
-22014
50605
69022
-63957
-7924
61204
50391
88358
-42297
-83061
46044
89630
29055
51888
-21067
-96288
16446
46862
36068
22142
-56400
38955
61066
-21384
-63016
17999
-66057
29523
68070
-61792
-66902
33636
63432
-28198
35949
-15886
-82473
22397
85082
68653
94678
93411
-18111
-29441
-16310
-19056
37045
44983
-83765
-59331
-49237
-50149
-1967
-51996
-60011
-11216
87261
30052
-57059
-59844
-10278
92929
12263
-54538
-63630
80704
-77552
50676
-36934
-55330
-4763
58620
49161
-10252
-38907
90888
-90067
33183
-38371
-20706
-89952
84182
-10013
70633
10494
10529
-88223
-83886
-25757
-36720
37225
66823
-92422
-57226
77173
-66834
6913
52712
77301
55273
69440
-96657
-23398
-53462
5812
97818
15425
68072
93134
-71548
-79145
-35900
12382
-82578
2049
53448
6753
-25549
-16663
78327
35805
-63689
30693
-1736
-5184
-66002
-78545
43092
92239
-43700
75946
-55261
59195
-72509
-60380
99226
-97663
54440
17208
-83246
-74428
-12712
-22032
-21698
-95369
-64341
-59099
-51717
-73806
94229
-64078
-38543
69740
24117
-60829
-19956
-15091
-36559
43077
-99526
-59454
-55384
-20187
59651
-84077
-67167
-7368
48319
0
-67647
-76435
-36081
78319
-34873
-84945
-65996
-67812
17599
-62201
-84351
99614
-30282
10999
-7764
-23205
13500
84725
-75649
90775
14110
-71386
3043
-79858
-469
-95581
98469
51425
33966
-8251
-93731
-4290
-52698
5316
-47567
86746
-42913
22402
-421
52042
-54174
-49323
16029
9395
-97628
-49533
56088
26034
-14894
-49789
26760
96090
-71344
92720
-87984
29248
-47724
14399
95086
-54191
1180
-58457
90586
-58381
-55569
85574
87608
-28533
-63690
16064
72781
-88530
-79847
-67721
-89588
-41205
-42128
32887
-332
58658
-19895
90677
-8405
34948
-30210
61682
41367
26739
80033
-20286
42368
10382
65919
39333
41485
-65949
49209
14682
-15379
14108
-76767
-18400
65740
54288
10550
-12570
71796
-19480
-37185
-24460
35115
-18252
84523
78565
87132
87951
54166
-30015
60783
-38873
-49131
-43579
55019
74522
-48770
45763
-6813
